1 647 644
1 644 643
1 643 645
1 645 646
1 646 647
2 649 652
6 672 670
12 702 699
11 696 695
8 679 681
4 662 659
4 659 658
4 658 660
4 660 661
4 661 662
5 666 665
3 654 657
7 673 677
9 685 686
10 692 688
12 701 698
6 669 668
2 650 648
8 682 678
11 697 693
6 671 669
12 700 701
11 694 697
8 680 682
2 651 650
10 690 689
5 663 664
3 655 653
7 676 674
9 687 684
10 691 690
5 667 663
3 656 655
7 675 676
9 683 687
6 668 672
2 648 649
8 678 679
11 693 696
12 698 702
10 688 691
5 665 667
3 657 656
7 677 675
9 686 683
5 664 666
3 653 654
7 674 673
9 684 685
10 689 692
6 670 671
12 699 700
11 695 694
8 681 680
2 652 651
35 837 838
18 735 736
19 742 741
40 868 867
42 880 879
34 832 831
33 827 828
25 778 780
36 844 846
20 749 747
32 819 820
23 765 767
24 773 771
37 850 849
41 876 875
34 833 834
33 826 825
25 779 777
36 845 843
20 748 750
17 729 727
14 711 709
13 706 703
15 718 715
16 724 721
18 737 733
35 839 835
42 882 878
40 870 866
19 744 740
30 807 805
27 789 787
22 762 758
28 797 793
29 802 799
32 821 817
23 766 763
24 774 770
37 852 848
41 874 872
35 838 836
18 736 734
19 741 739
40 867 865
42 879 877
34 831 829
33 828 824
25 780 776
36 846 842
20 747 745
32 820 818
23 767 764
24 771 769
37 849 847
41 875 871
34 834 830
33 825 823
25 777 775
36 843 841
20 750 746
14 714 710
13 707 704
15 719 716
16 725 722
17 732 728
21 755 752
31 814 811
26 784 781
38 857 853
39 862 860
27 792 788
22 759 757
28 796 794
29 803 800
30 810 806
31 815 812
26 785 782
38 856 854
39 863 859
21 754 751
14 712 714
13 705 707
15 717 719
16 723 725
17 730 732
21 753 755
31 816 814
26 786 784
38 858 857
39 861 862
27 791 792
22 761 759
28 795 796
29 801 803
30 808 810
31 813 815
26 783 785
38 855 856
39 864 863
21 756 754
14 709 712
13 703 705
15 715 717
16 721 723
17 727 730
21 751 753
31 812 816
26 782 786
38 854 858
39 859 861
27 787 791
22 758 761
28 793 795
29 799 801
30 805 808
31 811 813
26 781 783
38 853 855
39 860 864
21 752 756
17 728 731
14 710 713
13 704 708
15 716 720
16 722 726
18 734 738
35 836 840
42 877 881
40 865 869
19 739 743
30 806 809
27 788 790
22 757 760
28 794 798
29 800 804
32 818 822
23 764 768
24 769 772
37 847 851
41 871 873
35 835 837
18 733 735
19 740 742
40 866 868
42 878 880
34 830 832
33 823 827
25 775 778
36 841 844
20 746 749
32 817 819
23 763 765
24 770 773
37 848 850
41 872 876
34 829 833
33 824 826
25 776 779
36 842 845
20 745 748
17 731 729
14 713 711
13 708 706
15 720 718
16 726 724
18 738 737
35 840 839
42 881 882
40 869 870
19 743 744
30 809 807
27 790 789
22 760 762
28 798 797
29 804 802
32 822 821
23 768 766
24 772 774
37 851 852
41 873 874
107 1269 1270
103 1245 1246
104 1252 1251
110 1288 1287
113 1306 1305
118 1336 1335
154 1551 1552
141 1473 1474
162 1599 1600
121 1354 1353
142 1479 1480
129 1401 1402
130 1408 1407
144 1492 1491
146 1504 1503
151 1533 1534
131 1414 1413
136 1444 1443
161 1594 1593
126 1383 1384
116 1323 1324
108 1275 1276
106 1263 1264
112 1299 1300
115 1317 1318
119 1341 1342
156 1564 1563
139 1462 1461
160 1588 1587
120 1347 1348
149 1521 1522
132 1420 1419
128 1395 1396
145 1497 1498
148 1515 1516
155 1557 1558
133 1425 1426
134 1431 1432
157 1570 1569
124 1372 1371
109 1282 1281
105 1258 1257
111 1294 1293
114 1312 1311
117 1330 1329
125 1378 1377
152 1540 1539
137 1449 1450
158 1575 1576
123 1365 1366
143 1486 1485
127 1390 1389
135 1437 1438
147 1510 1509
150 1528 1527
153 1546 1545
140 1468 1467
138 1455 1456
159 1581 1582
122 1359 1360
107 1272 1271
103 1248 1247
104 1253 1254
110 1289 1290
113 1307 1308
118 1337 1338
154 1554 1553
141 1476 1475
162 1602 1601
121 1355 1356
142 1482 1481
129 1404 1403
130 1409 1410
144 1493 1494
146 1505 1506
151 1536 1535
131 1415 1416
136 1445 1446
161 1595 1596
126 1386 1385
47 909 907
44 891 889
43 886 883
45 898 895
46 904 901
49 922 919
72 1060 1057
102 1240 1237
96 1204 1201
79 1102 1099
62 999 997
59 981 979
58 976 973
60 988 985
61 994 991
66 1024 1021
54 952 949
73 1066 1063
85 1138 1135
92 1179 1177
101 1233 1231
69 1041 1039
50 927 925
82 1119 1117
97 1209 1207
71 1053 1051
100 1228 1225
94 1192 1189
80 1108 1105
51 933 931
90 1167 1165
63 1005 1003
55 957 955
76 1083 1081
87 1150 1147
91 1174 1171
67 1029 1027
56 963 961
75 1077 1075
83 1126 1123
68 1036 1033
48 915 913
78 1095 1093
93 1185 1183
98 1216 1213
88 1155 1153
65 1018 1015
57 970 967
77 1090 1087
86 1143 1141
64 1012 1009
53 945 943
74 1071 1069
84 1131 1129
89 1162 1159
70 1047 1045
99 1221 1219
95 1197 1195
81 1114 1111
52 940 937
109 1284 1280
105 1260 1256
111 1296 1292
114 1314 1310
117 1332 1328
125 1380 1376
152 1542 1538
137 1451 1447
158 1577 1573
123 1367 1363
143 1488 1484
127 1392 1388
135 1439 1435
147 1512 1508
150 1530 1526
153 1548 1544
140 1470 1466
138 1457 1453
159 1583 1579
122 1361 1357
107 1270 1268
103 1246 1244
104 1251 1249
110 1287 1285
113 1305 1303
118 1335 1333
154 1552 1550
141 1474 1472
162 1600 1598
121 1353 1351
142 1480 1478
129 1402 1400
130 1407 1405
144 1491 1489
146 1503 1501
151 1534 1532
131 1413 1411
136 1443 1441
161 1593 1591
126 1384 1382
116 1324 1322
108 1276 1274
106 1264 1262
112 1300 1298
115 1318 1316
119 1342 1340
156 1563 1561
139 1461 1459
160 1587 1585
120 1348 1346
149 1522 1520
132 1419 1417
128 1396 1394
145 1498 1496
148 1516 1514
155 1558 1556
133 1426 1424
134 1432 1430
157 1569 1567
124 1371 1369
109 1281 1279
105 1257 1255
111 1293 1291
114 1311 1309
117 1329 1327
125 1377 1375
152 1539 1537
137 1450 1448
158 1576 1574
123 1366 1364
143 1485 1483
127 1389 1387
135 1438 1436
147 1509 1507
150 1527 1525
153 1545 1543
140 1467 1465
138 1456 1454
159 1582 1580
122 1360 1358
107 1271 1267
103 1247 1243
104 1254 1250
110 1290 1286
113 1308 1304
118 1338 1334
154 1553 1549
141 1475 1471
162 1601 1597
121 1356 1352
142 1481 1477
129 1403 1399
130 1410 1406
144 1494 1490
146 1506 1502
151 1535 1531
131 1416 1412
136 1446 1442
161 1596 1592
126 1385 1381
44 894 890
43 887 884
45 899 896
46 905 902
47 912 908
52 941 938
70 1050 1046
99 1224 1220
95 1200 1196
81 1115 1112
59 984 980
58 977 974
60 989 986
61 995 992
62 1002 998
65 1019 1016
57 971 968
77 1091 1088
86 1146 1142
88 1158 1154
98 1217 1214
68 1037 1034
48 918 914
78 1098 1094
93 1188 1184
69 1044 1040
101 1236 1232
97 1212 1208
82 1122 1118
50 930 926
89 1163 1160
64 1013 1010
53 948 944
74 1074 1070
84 1134 1130
90 1170 1166
63 1008 1004
55 960 956
76 1086 1082
87 1151 1148
72 1061 1058
49 923 920
79 1103 1100
96 1205 1202
102 1241 1238
91 1175 1172
67 1032 1028
56 966 962
75 1080 1076
83 1127 1124
66 1025 1022
54 953 950
73 1067 1064
85 1139 1136
92 1182 1178
71 1056 1052
100 1229 1226
94 1193 1190
80 1109 1106
51 936 932
116 1325 1321
108 1277 1273
106 1265 1261
112 1301 1297
115 1319 1315
119 1343 1339
156 1566 1562
139 1464 1460
160 1590 1586
120 1349 1345
149 1523 1519
132 1422 1418
128 1397 1393
145 1499 1495
148 1517 1513
155 1559 1555
133 1427 1423
134 1433 1429
157 1572 1568
124 1374 1370
44 892 894
43 885 887
45 897 899
46 903 905
47 910 912
52 939 941
70 1048 1050
99 1222 1224
95 1198 1200
81 1113 1115
59 982 984
58 975 977
60 987 989
61 993 995
62 1000 1002
65 1017 1019
57 969 971
77 1089 1091
86 1144 1146
88 1156 1158
98 1215 1217
68 1035 1037
48 916 918
78 1096 1098
93 1186 1188
69 1042 1044
101 1234 1236
97 1210 1212
82 1120 1122
50 928 930
89 1161 1163
64 1011 1013
53 946 948
74 1072 1074
84 1132 1134
90 1168 1170
63 1006 1008
55 958 960
76 1084 1086
87 1149 1151
72 1059 1061
49 921 923
79 1101 1103
96 1203 1205
102 1239 1241
91 1173 1175
67 1030 1032
56 964 966
75 1078 1080
83 1125 1127
66 1023 1025
54 951 953
73 1065 1067
85 1137 1139
92 1180 1182
71 1054 1056
100 1227 1229
94 1191 1193
80 1107 1109
51 934 936
116 1326 1325
108 1278 1277
106 1266 1265
112 1302 1301
115 1320 1319
119 1344 1343
156 1565 1566
139 1463 1464
160 1589 1590
120 1350 1349
149 1524 1523
132 1421 1422
128 1398 1397
145 1500 1499
148 1518 1517
155 1560 1559
133 1428 1427
134 1434 1433
157 1571 1572
124 1373 1374
44 889 892
43 883 885
45 895 897
46 901 903
47 907 910
52 937 939
70 1045 1048
99 1219 1222
95 1195 1198
81 1111 1113
59 979 982
58 973 975
60 985 987
61 991 993
62 997 1000
65 1015 1017
57 967 969
77 1087 1089
86 1141 1144
88 1153 1156
98 1213 1215
68 1033 1035
48 913 916
78 1093 1096
93 1183 1186
69 1039 1042
101 1231 1234
97 1207 1210
82 1117 1120
50 925 928
89 1159 1161
64 1009 1011
53 943 946
74 1069 1072
84 1129 1132
90 1165 1168
63 1003 1006
55 955 958
76 1081 1084
87 1147 1149
72 1057 1059
49 919 921
79 1099 1101
96 1201 1203
102 1237 1239
91 1171 1173
67 1027 1030
56 961 964
75 1075 1078
83 1123 1125
66 1021 1023
54 949 951
73 1063 1065
85 1135 1137
92 1177 1180
71 1051 1054
100 1225 1227
94 1189 1191
80 1105 1107
51 931 934
116 1322 1326
108 1274 1278
106 1262 1266
112 1298 1302
115 1316 1320
119 1340 1344
156 1561 1565
139 1459 1463
160 1585 1589
120 1346 1350
149 1520 1524
132 1417 1421
128 1394 1398
145 1496 1500
148 1514 1518
155 1556 1560
133 1424 1428
134 1430 1434
157 1567 1571
124 1369 1373
47 908 911
44 890 893
43 884 888
45 896 900
46 902 906
49 920 924
72 1058 1062
102 1238 1242
96 1202 1206
79 1100 1104
62 998 1001
59 980 983
58 974 978
60 986 990
61 992 996
66 1022 1026
54 950 954
73 1064 1068
85 1136 1140
92 1178 1181
101 1232 1235
69 1040 1043
50 926 929
82 1118 1121
97 1208 1211
71 1052 1055
100 1226 1230
94 1190 1194
80 1106 1110
51 932 935
90 1166 1169
63 1004 1007
55 956 959
76 1082 1085
87 1148 1152
91 1172 1176
67 1028 1031
56 962 965
75 1076 1079
83 1124 1128
68 1034 1038
48 914 917
78 1094 1097
93 1184 1187
98 1214 1218
88 1154 1157
65 1016 1020
57 968 972
77 1088 1092
86 1142 1145
64 1010 1014
53 944 947
74 1070 1073
84 1130 1133
89 1160 1164
70 1046 1049
99 1220 1223
95 1196 1199
81 1112 1116
52 938 942
109 1279 1283
105 1255 1259
111 1291 1295
114 1309 1313
117 1327 1331
125 1375 1379
152 1537 1541
137 1448 1452
158 1574 1578
123 1364 1368
143 1483 1487
127 1387 1391
135 1436 1440
147 1507 1511
150 1525 1529
153 1543 1547
140 1465 1469
138 1454 1458
159 1580 1584
122 1358 1362
107 1267 1269
103 1243 1245
104 1250 1252
110 1286 1288
113 1304 1306
118 1334 1336
154 1549 1551
141 1471 1473
162 1597 1599
121 1352 1354
142 1477 1479
129 1399 1401
130 1406 1408
144 1490 1492
146 1502 1504
151 1531 1533
131 1412 1414
136 1442 1444
161 1592 1594
126 1381 1383
116 1321 1323
108 1273 1275
106 1261 1263
112 1297 1299
115 1315 1317
119 1339 1341
156 1562 1564
139 1460 1462
160 1586 1588
120 1345 1347
149 1519 1521
132 1418 1420
128 1393 1395
145 1495 1497
148 1513 1515
155 1555 1557
133 1423 1425
134 1429 1431
157 1568 1570
124 1370 1372
109 1280 1282
105 1256 1258
111 1292 1294
114 1310 1312
117 1328 1330
125 1376 1378
152 1538 1540
137 1447 1449
158 1573 1575
123 1363 1365
143 1484 1486
127 1388 1390
135 1435 1437
147 1508 1510
150 1526 1528
153 1544 1546
140 1466 1468
138 1453 1455
159 1579 1581
122 1357 1359
107 1268 1272
103 1244 1248
104 1249 1253
110 1285 1289
113 1303 1307
118 1333 1337
154 1550 1554
141 1472 1476
162 1598 1602
121 1351 1355
142 1478 1482
129 1400 1404
130 1405 1409
144 1489 1493
146 1501 1505
151 1532 1536
131 1411 1415
136 1441 1445
161 1591 1595
126 1382 1386
47 911 909
44 893 891
43 888 886
45 900 898
46 906 904
49 924 922
72 1062 1060
102 1242 1240
96 1206 1204
79 1104 1102
62 1001 999
59 983 981
58 978 976
60 990 988
61 996 994
66 1026 1024
54 954 952
73 1068 1066
85 1140 1138
92 1181 1179
101 1235 1233
69 1043 1041
50 929 927
82 1121 1119
97 1211 1209
71 1055 1053
100 1230 1228
94 1194 1192
80 1110 1108
51 935 933
90 1169 1167
63 1007 1005
55 959 957
76 1085 1083
87 1152 1150
91 1176 1174
67 1031 1029
56 965 963
75 1079 1077
83 1128 1126
68 1038 1036
48 917 915
78 1097 1095
93 1187 1185
98 1218 1216
88 1157 1155
65 1020 1018
57 972 970
77 1092 1090
86 1145 1143
64 1014 1012
53 947 945
74 1073 1071
84 1133 1131
89 1164 1162
70 1049 1047
99 1223 1221
95 1199 1197
81 1116 1114
52 942 940
109 1283 1284
105 1259 1260
111 1295 1296
114 1313 1314
117 1331 1332
125 1379 1380
152 1541 1542
137 1452 1451
158 1578 1577
123 1368 1367
143 1487 1488
127 1391 1392
135 1440 1439
147 1511 1512
150 1529 1530
153 1547 1548
140 1469 1470
138 1458 1457
159 1584 1583
122 1362 1361
407 1609 1616
403 1605 1608
404 1611 1606
410 1614 1612
413 1617 1615
422 1631 1624
486 1688 1692
573 1775 1782
561 1763 1765
512 1719 1714
452 1654 1661
448 1650 1653
449 1656 1651
455 1659 1657
458 1662 1660
470 1672 1675
437 1646 1639
494 1706 1696
531 1735 1733
539 1741 1751
568 1770 1779
478 1680 1683
419 1621 1626
509 1711 1721
554 1756 1766
482 1684 1689
576 1780 1778
558 1767 1760
516 1722 1718
425 1627 1629
542 1744 1747
463 1668 1665
434 1636 1641
497 1699 1704
528 1730 1737
546 1748 1750
464 1666 1676
440 1642 1644
500 1705 1702
524 1736 1726
479 1691 1681
418 1623 1620
508 1713 1710
553 1764 1755
569 1781 1771
538 1749 1740
471 1677 1673
443 1645 1647
501 1703 1707
523 1725 1734
467 1674 1669
433 1638 1635
493 1695 1698
527 1732 1729
543 1752 1745
485 1690 1687
572 1777 1774
557 1759 1762
515 1717 1720
428 1630 1632
591 2191 2189
587 1885 1883
588 1901 1903
594 2279 2281
597 2315 2317
600 2171 2173
634 2160 2158
619 2016 2012
639 2214 2210
602 1919 1924
624 2137 2135
608 1978 1973
610 1991 1996
627 2225 2227
630 2302 2304
635 2178 2176
615 2153 2155
617 2009 2014
637 2207 2212
604 1926 1922
416 1857 1864
408 1803 1810
406 1786 1795
412 1822 1831
415 1840 1849
424 1876 1887
492 2182 2193
582 2312 2321
565 2276 2285
514 1898 1907
461 2091 2098
453 2037 2044
451 1952 1961
457 2056 2067
460 2074 2083
475 2128 2139
439 1966 1975
496 1988 1997
533 2222 2231
551 2293 2298
579 2185 2190
483 1879 1884
426 1893 1900
521 2271 2278
566 2307 2314
489 2163 2170
578 2150 2159
560 2006 2015
518 2204 2213
429 1911 1918
547 2131 2136
465 1969 1977
441 1983 1990
504 2217 2224
537 2290 2301
550 2168 2177
476 2145 2152
444 2001 2008
502 2199 2206
526 1916 1925
481 1808 1817
420 1789 1797
510 1825 1833
555 1843 1851
571 1862 1871
540 1933 1941
473 2110 2119
447 2020 2029
507 2236 2247
534 2257 2262
469 2042 2051
435 1947 1954
498 2059 2064
529 2077 2085
545 2096 2105
487 2113 2121
574 2023 2031
562 2239 2244
520 2254 2265
432 1930 1939
589 1818 1814
583 1798 1793
586 1834 1829
593 1852 1847
596 1872 1868
599 1942 1937
633 2120 2124
620 2030 2034
640 2248 2250
603 2263 2261
622 2052 2050
607 1955 1960
612 2065 2063
626 2086 2081
629 2106 2102
631 2122 2117
614 2032 2027
618 2245 2243
641 2266 2268
605 1940 1944
409 1813 1804
405 1792 1785
411 1828 1821
414 1846 1839
417 1867 1858
431 1936 1929
488 2123 2114
575 2033 2024
563 2249 2240
519 2260 2253
454 2049 2038
450 1959 1951
456 2062 2055
459 2080 2073
462 2101 2092
472 2116 2109
446 2026 2019
506 2242 2235
535 2267 2258
541 1943 1934
570 1869 1861
480 1815 1807
421 1799 1790
511 1835 1826
556 1853 1844
484 1889 1880
580 2195 2186
567 2319 2308
522 2283 2272
427 1905 1894
544 2103 2095
468 2046 2041
436 1957 1948
499 2069 2060
530 2087 2078
548 2141 2132
466 1979 1970
442 1993 1984
505 2229 2218
536 2296 2289
491 2188 2181
423 1882 1875
513 1902 1897
564 2280 2275
581 2316 2311
549 2172 2167
477 2157 2146
445 2011 2002
503 2209 2200
525 1923 1915
474 2134 2127
438 1972 1965
495 1995 1987
532 2226 2221
552 2303 2294
490 2175 2164
577 2154 2149
559 2013 2005
517 2211 2203
430 1921 1912
590 1865 1870
584 1811 1816
585 1796 1800
592 1832 1836
595 1850 1854
598 1888 1890
636 2194 2196
621 2322 2320
642 2286 2284
601 1908 1906
623 2099 2104
611 2045 2047
609 1962 1958
625 2068 2070
628 2084 2088
632 2140 2142
613 1976 1980
616 1998 1994
638 2232 2230
606 2299 2297
407 2330 2329
403 2324 2323
404 2325 2326
410 2332 2333
413 2335 2336
422 2344 2345
486 2410 2409
573 2497 2496
561 2486 2485
512 2434 2435
452 2375 2374
448 2369 2368
449 2370 2371
455 2377 2378
458 2380 2381
470 2393 2392
437 2359 2360
494 2415 2416
531 2455 2456
539 2461 2460
568 2489 2488
478 2399 2398
419 2341 2340
509 2431 2430
554 2476 2475
482 2405 2404
576 2500 2501
558 2481 2482
516 2439 2440
425 2348 2347
542 2465 2464
463 2383 2384
434 2356 2355
497 2420 2419
528 2452 2451
546 2471 2470
464 2386 2385
440 2363 2362
500 2422 2423
524 2445 2446
479 2400 2401
418 2338 2339
508 2428 2429
553 2473 2474
569 2490 2491
538 2458 2459
471 2394 2395
443 2366 2365
501 2425 2424
523 2444 2443
467 2389 2390
433 2353 2354
493 2414 2413
527 2449 2450
543 2466 2467
485 2407 2408
572 2494 2495
557 2480 2479
515 2438 2437
428 2351 2350
591 2510 2511
587 2504 2505
588 2508 2507
594 2514 2513
597 2517 2516
600 2520 2519
634 2554 2556
619 2539 2540
639 2560 2561
602 2523 2521
624 2543 2544
608 2527 2529
610 2532 2530
627 2547 2546
630 2550 2549
635 2552 2553
615 2535 2534
617 2538 2536
637 2558 2557
604 2524 2525
167 1607 647
164 1603 644
163 1604 643
165 1610 645
166 1613 646
169 1622 649
192 1686 672
222 1773 702
216 1761 696
199 1712 679
182 1652 662
179 1648 659
178 1649 658
180 1655 660
181 1658 661
186 1670 666
174 1637 654
193 1694 673
205 1731 685
212 1739 692
221 1768 701
189 1678 669
170 1619 650
202 1709 682
217 1754 697
191 1682 671
220 1776 700
214 1758 694
200 1716 680
171 1625 651
210 1742 690
183 1663 663
175 1634 655
196 1697 676
207 1728 687
211 1746 691
187 1664 667
176 1640 656
195 1700 675
203 1724 683
188 1679 668
168 1618 648
198 1708 678
213 1753 693
218 1769 698
208 1738 688
185 1671 665
177 1643 657
197 1701 677
206 1723 686
184 1667 664
173 1633 653
194 1693 674
204 1727 684
209 1743 689
190 1685 670
219 1772 699
215 1757 695
201 1715 681
172 1628 652
357 2187 837
255 1881 735
262 1899 742
388 2277 868
400 2313 880
352 2169 832
347 2156 827
298 2010 778
364 2208 844
269 1917 749
339 2133 819
285 1971 765
293 1989 773
370 2223 850
396 2300 876
353 2174 833
346 2151 826
299 2007 779
365 2205 845
268 1920 748
249 1855 729
231 1801 711
226 1784 706
238 1820 718
244 1838 724
257 1874 737
359 2180 839
402 2310 882
390 2274 870
264 1896 744
327 2089 807
309 2035 789
282 1950 762
317 2054 797
322 2072 802
341 2126 821
286 1964 766
294 1986 774
372 2220 852
394 2291 874
358 2183 838
256 1877 736
261 1891 741
387 2269 867
399 2305 879
351 2161 831
348 2148 828
300 2004 780
366 2202 846
267 1909 747
340 2129 820
287 1967 767
291 1981 771
369 2215 849
395 2288 875
354 2166 834
345 2143 825
297 1999 777
363 2197 843
270 1914 750
234 1806 714
227 1787 707
239 1823 719
245 1841 725
252 1860 732
275 1931 755
334 2108 814
304 2018 784
377 2234 857
382 2255 862
312 2040 792
279 1945 759
316 2057 796
323 2075 803
330 2094 810
335 2111 815
305 2021 785
376 2237 856
383 2252 863
274 1928 754
232 1812 712
225 1791 705
237 1827 717
243 1845 723
250 1866 730
273 1935 753
336 2118 816
306 2028 786
378 2246 858
381 2259 861
311 2048 791
281 1953 761
315 2061 795
321 2079 801
328 2100 808
333 2115 813
303 2025 783
375 2241 855
384 2264 864
276 1938 756
229 1802 709
223 1783 703
235 1819 715
241 1837 721
247 1856 727
271 1927 751
332 2112 812
302 2022 782
374 2238 854
379 2251 859
307 2036 787
278 1949 758
313 2053 793
319 2071 799
325 2090 805
331 2107 811
301 2017 781
373 2233 853
380 2256 860
272 1932 752
248 1859 728
230 1805 710
224 1788 704
236 1824 716
242 1842 722
254 1878 734
356 2184 836
397 2306 877
385 2270 865
259 1892 739
326 2093 806
308 2039 788
277 1946 757
314 2058 794
320 2076 800
338 2130 818
284 1968 764
289 1982 769
367 2216 847
391 2287 871
355 2179 835
253 1873 733
260 1895 740
386 2273 866
398 2309 878
350 2165 830
343 2144 823
295 2000 775
361 2198 841
266 1913 746
337 2125 817
283 1963 763
290 1985 770
368 2219 848
392 2292 872
349 2162 829
344 2147 824
296 2003 776
362 2201 842
265 1910 745
251 1863 731
233 1809 713
228 1794 708
240 1830 720
246 1848 726
258 1886 738
360 2192 840
401 2318 881
389 2282 869
263 1904 743
329 2097 809
310 2043 790
280 1956 760
318 2066 798
324 2082 804
342 2138 822
288 1974 768
292 1992 772
371 2228 851
393 2295 873
409 2331 1269
405 2327 1245
411 2328 1252
414 2334 1288
417 2337 1306
431 2346 1336
488 2412 1551
575 2499 1473
563 2487 1599
519 2436 1354
454 2376 1479
450 2372 1401
456 2373 1408
459 2379 1492
462 2382 1504
472 2396 1533
446 2361 1414
506 2418 1444
535 2457 1594
541 2463 1383
570 2492 1323
480 2402 1275
421 2343 1263
511 2433 1299
556 2478 1317
484 2406 1341
580 2502 1564
567 2484 1462
522 2442 1588
427 2349 1347
544 2468 1521
468 2387 1420
436 2358 1395
499 2421 1497
530 2454 1515
548 2472 1557
466 2388 1425
442 2364 1431
505 2426 1570
536 2448 1372
491 2403 1282
423 2342 1258
513 2432 1294
564 2477 1312
581 2493 1330
549 2462 1378
477 2397 1540
445 2367 1449
503 2427 1575
525 2447 1365
474 2391 1486
438 2357 1390
495 2417 1437
532 2453 1510
552 2469 1528
490 2411 1546
577 2498 1468
559 2483 1455
517 2441 1581
430 2352 1359
590 2509 1272
584 2503 1248
585 2506 1253
592 2512 1289
595 2515 1307
598 2518 1337
636 2555 1554
621 2541 1476
642 2562 1602
601 2522 1355
623 2542 1482
611 2528 1404
609 2531 1409
625 2545 1493
628 2548 1505
632 2551 1536
613 2533 1415
616 2537 1445
638 2559 1595
606 2526 1386
407 1616 909
403 1608 891
404 1606 886
410 1612 898
413 1615 904
422 1624 922
486 1692 1060
573 1782 1240
561 1765 1204
512 1714 1102
452 1661 999
448 1653 981
449 1651 976
455 1657 988
458 1660 994
470 1675 1024
437 1639 952
494 1696 1066
531 1733 1138
539 1751 1179
568 1779 1233
478 1683 1041
419 1626 927
509 1721 1119
554 1766 1209
482 1689 1053
576 1778 1228
558 1760 1192
516 1718 1108
425 1629 933
542 1747 1167
463 1665 1005
434 1641 957
497 1704 1083
528 1737 1150
546 1750 1174
464 1676 1029
440 1644 963
500 1702 1077
524 1726 1126
479 1681 1036
418 1620 915
508 1710 1095
553 1755 1185
569 1771 1216
538 1740 1155
471 1673 1018
443 1647 970
501 1707 1090
523 1734 1143
467 1669 1012
433 1635 945
493 1698 1071
527 1729 1131
543 1745 1162
485 1687 1047
572 1774 1221
557 1762 1197
515 1720 1114
428 1632 940
591 2189 1284
587 1883 1260
588 1903 1296
594 2281 1314
597 2317 1332
600 2173 1380
634 2158 1542
619 2012 1451
639 2210 1577
602 1924 1367
624 2135 1488
608 1973 1392
610 1996 1439
627 2227 1512
630 2304 1530
635 2176 1548
615 2155 1470
617 2014 1457
637 2212 1583
604 1922 1361
416 1864 1270
408 1810 1246
406 1795 1251
412 1831 1287
415 1849 1305
424 1887 1335
492 2193 1552
582 2321 1474
565 2285 1600
514 1907 1353
461 2098 1480
453 2044 1402
451 1961 1407
457 2067 1491
460 2083 1503
475 2139 1534
439 1975 1413
496 1997 1443
533 2231 1593
551 2298 1384
579 2190 1324
483 1884 1276
426 1900 1264
521 2278 1300
566 2314 1318
489 2170 1342
578 2159 1563
560 2015 1461
518 2213 1587
429 1918 1348
547 2136 1522
465 1977 1419
441 1990 1396
504 2224 1498
537 2301 1516
550 2177 1558
476 2152 1426
444 2008 1432
502 2206 1569
526 1925 1371
481 1817 1281
420 1797 1257
510 1833 1293
555 1851 1311
571 1871 1329
540 1941 1377
473 2119 1539
447 2029 1450
507 2247 1576
534 2262 1366
469 2051 1485
435 1954 1389
498 2064 1438
529 2085 1509
545 2105 1527
487 2121 1545
574 2031 1467
562 2244 1456
520 2265 1582
432 1939 1360
589 1814 1271
583 1793 1247
586 1829 1254
593 1847 1290
596 1868 1308
599 1937 1338
633 2124 1553
620 2034 1475
640 2250 1601
603 2261 1356
622 2050 1481
607 1960 1403
612 2063 1410
626 2081 1494
629 2102 1506
631 2117 1535
614 2027 1416
618 2243 1446
641 2268 1596
605 1944 1385
409 1804 894
405 1785 887
411 1821 899
414 1839 905
417 1858 912
431 1929 941
488 2114 1050
575 2024 1224
563 2240 1200
519 2253 1115
454 2038 984
450 1951 977
456 2055 989
459 2073 995
462 2092 1002
472 2109 1019
446 2019 971
506 2235 1091
535 2258 1146
541 1934 1158
570 1861 1217
480 1807 1037
421 1790 918
511 1826 1098
556 1844 1188
484 1880 1044
580 2186 1236
567 2308 1212
522 2272 1122
427 1894 930
544 2095 1163
468 2041 1013
436 1948 948
499 2060 1074
530 2078 1134
548 2132 1170
466 1970 1008
442 1984 960
505 2218 1086
536 2289 1151
491 2181 1061
423 1875 923
513 1897 1103
564 2275 1205
581 2311 1241
549 2167 1175
477 2146 1032
445 2002 966
503 2200 1080
525 1915 1127
474 2127 1025
438 1965 953
495 1987 1067
532 2221 1139
552 2294 1182
490 2164 1056
577 2149 1229
559 2005 1193
517 2203 1109
430 1912 936
590 1870 1325
584 1816 1277
585 1800 1265
592 1836 1301
595 1854 1319
598 1890 1343
636 2196 1566
621 2320 1464
642 2284 1590
601 1906 1349
623 2104 1523
611 2047 1422
609 1958 1397
625 2070 1499
628 2088 1517
632 2142 1559
613 1980 1427
616 1994 1433
638 2230 1572
606 2297 1374
407 2329 892
403 2323 885
404 2326 897
410 2333 903
413 2336 910
422 2345 939
486 2409 1048
573 2496 1222
561 2485 1198
512 2435 1113
452 2374 982
448 2368 975
449 2371 987
455 2378 993
458 2381 1000
470 2392 1017
437 2360 969
494 2416 1089
531 2456 1144
539 2460 1156
568 2488 1215
478 2398 1035
419 2340 916
509 2430 1096
554 2475 1186
482 2404 1042
576 2501 1234
558 2482 1210
516 2440 1120
425 2347 928
542 2464 1161
463 2384 1011
434 2355 946
497 2419 1072
528 2451 1132
546 2470 1168
464 2385 1006
440 2362 958
500 2423 1084
524 2446 1149
479 2401 1059
418 2339 921
508 2429 1101
553 2474 1203
569 2491 1239
538 2459 1173
471 2395 1030
443 2365 964
501 2424 1078
523 2443 1125
467 2390 1023
433 2354 951
493 2413 1065
527 2450 1137
543 2467 1180
485 2408 1054
572 2495 1227
557 2479 1191
515 2437 1107
428 2350 934
591 2511 1326
587 2505 1278
588 2507 1266
594 2513 1302
597 2516 1320
600 2519 1344
634 2556 1565
619 2540 1463
639 2561 1589
602 2521 1350
624 2544 1524
608 2529 1421
610 2530 1398
627 2546 1500
630 2549 1518
635 2553 1560
615 2534 1428
617 2536 1434
637 2557 1571
604 2525 1373
164 1609 889
163 1605 883
165 1611 895
166 1614 901
167 1617 907
172 1631 937
190 1688 1045
219 1775 1219
215 1763 1195
201 1719 1111
179 1654 979
178 1650 973
180 1656 985
181 1659 991
182 1662 997
185 1672 1015
177 1646 967
197 1706 1087
206 1735 1141
208 1741 1153
218 1770 1213
188 1680 1033
168 1621 913
198 1711 1093
213 1756 1183
189 1684 1039
221 1780 1231
217 1767 1207
202 1722 1117
170 1627 925
209 1744 1159
184 1668 1009
173 1636 943
194 1699 1069
204 1730 1129
210 1748 1165
183 1666 1003
175 1642 955
196 1705 1081
207 1736 1147
192 1691 1057
169 1623 919
199 1713 1099
216 1764 1201
222 1781 1237
211 1749 1171
187 1677 1027
176 1645 961
195 1703 1075
203 1725 1123
186 1674 1021
174 1638 949
193 1695 1063
205 1732 1135
212 1752 1177
191 1690 1051
220 1777 1225
214 1759 1189
200 1717 1105
171 1630 931
358 2191 1322
256 1885 1274
261 1901 1262
387 2279 1298
399 2315 1316
351 2171 1340
348 2160 1561
300 2016 1459
366 2214 1585
267 1919 1346
340 2137 1520
287 1978 1417
291 1991 1394
369 2225 1496
395 2302 1514
354 2178 1556
345 2153 1424
297 2009 1430
363 2207 1567
270 1926 1369
247 1857 908
229 1803 890
223 1786 884
235 1822 896
241 1840 902
253 1876 920
355 2182 1058
398 2312 1238
386 2276 1202
260 1898 1100
325 2091 998
307 2037 980
278 1952 974
313 2056 986
319 2074 992
337 2128 1022
283 1966 950
290 1988 1064
368 2222 1136
392 2293 1178
356 2185 1232
254 1879 1040
259 1893 926
385 2271 1118
397 2307 1208
349 2163 1052
344 2150 1226
296 2006 1190
362 2204 1106
265 1911 932
338 2131 1166
284 1969 1004
289 1983 956
367 2217 1082
391 2290 1148
350 2168 1172
343 2145 1028
295 2001 962
361 2199 1076
266 1916 1124
230 1808 1034
224 1789 914
236 1825 1094
242 1843 1184
248 1862 1214
272 1933 1154
331 2110 1016
301 2020 968
373 2236 1088
380 2257 1142
308 2042 1010
277 1947 944
314 2059 1070
320 2077 1130
326 2096 1160
332 2113 1046
302 2023 1220
374 2239 1196
379 2254 1112
271 1930 938
234 1818 1279
227 1798 1255
239 1834 1291
245 1852 1309
252 1872 1327
275 1942 1375
334 2120 1537
304 2030 1448
377 2248 1574
382 2263 1364
312 2052 1483
279 1955 1387
316 2065 1436
323 2086 1507
330 2106 1525
335 2122 1543
305 2032 1465
376 2245 1454
383 2266 1580
274 1940 1358
232 1813 1267
225 1792 1243
237 1828 1250
243 1846 1286
250 1867 1304
273 1936 1334
336 2123 1549
306 2033 1471
378 2249 1597
381 2260 1352
311 2049 1477
281 1959 1399
315 2062 1406
321 2080 1490
328 2101 1502
333 2116 1531
303 2026 1412
375 2242 1442
384 2267 1592
276 1943 1381
251 1869 1321
233 1815 1273
228 1799 1261
240 1835 1297
246 1853 1315
258 1889 1339
360 2195 1562
401 2319 1460
389 2283 1586
263 1905 1345
329 2103 1519
310 2046 1418
280 1957 1393
318 2069 1495
324 2087 1513
342 2141 1555
288 1979 1423
292 1993 1429
371 2229 1568
393 2296 1370
357 2188 1280
255 1882 1256
262 1902 1292
388 2280 1310
400 2316 1328
352 2172 1376
347 2157 1538
298 2011 1447
364 2209 1573
269 1923 1363
339 2134 1484
285 1972 1388
293 1995 1435
370 2226 1508
396 2303 1526
353 2175 1544
346 2154 1466
299 2013 1453
365 2211 1579
268 1921 1357
249 1865 1268
231 1811 1244
226 1796 1249
238 1832 1285
244 1850 1303
257 1888 1333
359 2194 1550
402 2322 1472
390 2286 1598
264 1908 1351
327 2099 1478
309 2045 1400
282 1962 1405
317 2068 1489
322 2084 1501
341 2140 1532
286 1976 1411
294 1998 1441
372 2232 1591
394 2299 1382
416 2330 911
408 2324 893
406 2325 888
412 2332 900
415 2335 906
424 2344 924
492 2410 1062
582 2497 1242
565 2486 1206
514 2434 1104
461 2375 1001
453 2369 983
451 2370 978
457 2377 990
460 2380 996
475 2393 1026
439 2359 954
496 2415 1068
533 2455 1140
551 2461 1181
579 2489 1235
483 2399 1043
426 2341 929
521 2431 1121
566 2476 1211
489 2405 1055
578 2500 1230
560 2481 1194
518 2439 1110
429 2348 935
547 2465 1169
465 2383 1007
441 2356 959
504 2420 1085
537 2452 1152
550 2471 1176
476 2386 1031
444 2363 965
502 2422 1079
526 2445 1128
481 2400 1038
420 2338 917
510 2428 1097
555 2473 1187
571 2490 1218
540 2458 1157
473 2394 1020
447 2366 972
507 2425 1092
534 2444 1145
469 2389 1014
435 2353 947
498 2414 1073
529 2449 1133
545 2466 1164
487 2407 1049
574 2494 1223
562 2480 1199
520 2438 1116
432 2351 942
589 2510 1283
583 2504 1259
586 2508 1295
593 2514 1313
596 2517 1331
599 2520 1379
633 2554 1541
620 2539 1452
640 2560 1578
603 2523 1368
622 2543 1487
607 2527 1391
612 2532 1440
626 2547 1511
629 2550 1529
631 2552 1547
614 2535 1469
618 2538 1458
641 2558 1584
605 2524 1362
164 1607 1609
163 1603 1605
165 1604 1611
166 1610 1614
167 1613 1617
172 1622 1631
190 1686 1688
219 1773 1775
215 1761 1763
201 1712 1719
179 1652 1654
178 1648 1650
180 1649 1656
181 1655 1659
182 1658 1662
185 1670 1672
177 1637 1646
197 1694 1706
206 1731 1735
208 1739 1741
218 1768 1770
188 1678 1680
168 1619 1621
198 1709 1711
213 1754 1756
189 1682 1684
221 1776 1780
217 1758 1767
202 1716 1722
170 1625 1627
209 1742 1744
184 1663 1668
173 1634 1636
194 1697 1699
204 1728 1730
210 1746 1748
183 1664 1666
175 1640 1642
196 1700 1705
207 1724 1736
192 1679 1691
169 1618 1623
199 1708 1713
216 1753 1764
222 1769 1781
211 1738 1749
187 1671 1677
176 1643 1645
195 1701 1703
203 1723 1725
186 1667 1674
174 1633 1638
193 1693 1695
205 1727 1732
212 1743 1752
191 1685 1690
220 1772 1777
214 1757 1759
200 1715 1717
171 1628 1630
358 2187 2191
256 1881 1885
261 1899 1901
387 2277 2279
399 2313 2315
351 2169 2171
348 2156 2160
300 2010 2016
366 2208 2214
267 1917 1919
340 2133 2137
287 1971 1978
291 1989 1991
369 2223 2225
395 2300 2302
354 2174 2178
345 2151 2153
297 2007 2009
363 2205 2207
270 1920 1926
247 1855 1857
229 1801 1803
223 1784 1786
235 1820 1822
241 1838 1840
253 1874 1876
355 2180 2182
398 2310 2312
386 2274 2276
260 1896 1898
325 2089 2091
307 2035 2037
278 1950 1952
313 2054 2056
319 2072 2074
337 2126 2128
283 1964 1966
290 1986 1988
368 2220 2222
392 2291 2293
356 2183 2185
254 1877 1879
259 1891 1893
385 2269 2271
397 2305 2307
349 2161 2163
344 2148 2150
296 2004 2006
362 2202 2204
265 1909 1911
338 2129 2131
284 1967 1969
289 1981 1983
367 2215 2217
391 2288 2290
350 2166 2168
343 2143 2145
295 1999 2001
361 2197 2199
266 1914 1916
230 1806 1808
224 1787 1789
236 1823 1825
242 1841 1843
248 1860 1862
272 1931 1933
331 2108 2110
301 2018 2020
373 2234 2236
380 2255 2257
308 2040 2042
277 1945 1947
314 2057 2059
320 2075 2077
326 2094 2096
332 2111 2113
302 2021 2023
374 2237 2239
379 2252 2254
271 1928 1930
234 1812 1818
227 1791 1798
239 1827 1834
245 1845 1852
252 1866 1872
275 1935 1942
334 2118 2120
304 2028 2030
377 2246 2248
382 2259 2263
312 2048 2052
279 1953 1955
316 2061 2065
323 2079 2086
330 2100 2106
335 2115 2122
305 2025 2032
376 2241 2245
383 2264 2266
274 1938 1940
232 1802 1813
225 1783 1792
237 1819 1828
243 1837 1846
250 1856 1867
273 1927 1936
336 2112 2123
306 2022 2033
378 2238 2249
381 2251 2260
311 2036 2049
281 1949 1959
315 2053 2062
321 2071 2080
328 2090 2101
333 2107 2116
303 2017 2026
375 2233 2242
384 2256 2267
276 1932 1943
251 1859 1869
233 1805 1815
228 1788 1799
240 1824 1835
246 1842 1853
258 1878 1889
360 2184 2195
401 2306 2319
389 2270 2283
263 1892 1905
329 2093 2103
310 2039 2046
280 1946 1957
318 2058 2069
324 2076 2087
342 2130 2141
288 1968 1979
292 1982 1993
371 2216 2229
393 2287 2296
357 2179 2188
255 1873 1882
262 1895 1902
388 2273 2280
400 2309 2316
352 2165 2172
347 2144 2157
298 2000 2011
364 2198 2209
269 1913 1923
339 2125 2134
285 1963 1972
293 1985 1995
370 2219 2226
396 2292 2303
353 2162 2175
346 2147 2154
299 2003 2013
365 2201 2211
268 1910 1921
249 1863 1865
231 1809 1811
226 1794 1796
238 1830 1832
244 1848 1850
257 1886 1888
359 2192 2194
402 2318 2322
390 2282 2286
264 1904 1908
327 2097 2099
309 2043 2045
282 1956 1962
317 2066 2068
322 2082 2084
341 2138 2140
286 1974 1976
294 1992 1998
372 2228 2232
394 2295 2299
416 2331 2330
408 2327 2324
406 2328 2325
412 2334 2332
415 2337 2335
424 2346 2344
492 2412 2410
582 2499 2497
565 2487 2486
514 2436 2434
461 2376 2375
453 2372 2369
451 2373 2370
457 2379 2377
460 2382 2380
475 2396 2393
439 2361 2359
496 2418 2415
533 2457 2455
551 2463 2461
579 2492 2489
483 2402 2399
426 2343 2341
521 2433 2431
566 2478 2476
489 2406 2405
578 2502 2500
560 2484 2481
518 2442 2439
429 2349 2348
547 2468 2465
465 2387 2383
441 2358 2356
504 2421 2420
537 2454 2452
550 2472 2471
476 2388 2386
444 2364 2363
502 2426 2422
526 2448 2445
481 2403 2400
420 2342 2338
510 2432 2428
555 2477 2473
571 2493 2490
540 2462 2458
473 2397 2394
447 2367 2366
507 2427 2425
534 2447 2444
469 2391 2389
435 2357 2353
498 2417 2414
529 2453 2449
545 2469 2466
487 2411 2407
574 2498 2494
562 2483 2480
520 2441 2438
432 2352 2351
589 2509 2510
583 2503 2504
586 2506 2508
593 2512 2514
596 2515 2517
599 2518 2520
633 2555 2554
620 2541 2539
640 2562 2560
603 2522 2523
622 2542 2543
607 2528 2527
612 2531 2532
626 2545 2547
629 2548 2550
631 2551 2552
614 2533 2535
618 2537 2538
641 2559 2558
605 2526 2524
164 644 1607
163 643 1603
165 645 1604
166 646 1610
167 647 1613
172 652 1622
190 670 1686
219 699 1773
215 695 1761
201 681 1712
179 659 1652
178 658 1648
180 660 1649
181 661 1655
182 662 1658
185 665 1670
177 657 1637
197 677 1694
206 686 1731
208 688 1739
218 698 1768
188 668 1678
168 648 1619
198 678 1709
213 693 1754
189 669 1682
221 701 1776
217 697 1758
202 682 1716
170 650 1625
209 689 1742
184 664 1663
173 653 1634
194 674 1697
204 684 1728
210 690 1746
183 663 1664
175 655 1640
196 676 1700
207 687 1724
192 672 1679
169 649 1618
199 679 1708
216 696 1753
222 702 1769
211 691 1738
187 667 1671
176 656 1643
195 675 1701
203 683 1723
186 666 1667
174 654 1633
193 673 1693
205 685 1727
212 692 1743
191 671 1685
220 700 1772
214 694 1757
200 680 1715
171 651 1628
358 838 2187
256 736 1881
261 741 1899
387 867 2277
399 879 2313
351 831 2169
348 828 2156
300 780 2010
366 846 2208
267 747 1917
340 820 2133
287 767 1971
291 771 1989
369 849 2223
395 875 2300
354 834 2174
345 825 2151
297 777 2007
363 843 2205
270 750 1920
247 727 1855
229 709 1801
223 703 1784
235 715 1820
241 721 1838
253 733 1874
355 835 2180
398 878 2310
386 866 2274
260 740 1896
325 805 2089
307 787 2035
278 758 1950
313 793 2054
319 799 2072
337 817 2126
283 763 1964
290 770 1986
368 848 2220
392 872 2291
356 836 2183
254 734 1877
259 739 1891
385 865 2269
397 877 2305
349 829 2161
344 824 2148
296 776 2004
362 842 2202
265 745 1909
338 818 2129
284 764 1967
289 769 1981
367 847 2215
391 871 2288
350 830 2166
343 823 2143
295 775 1999
361 841 2197
266 746 1914
230 710 1806
224 704 1787
236 716 1823
242 722 1841
248 728 1860
272 752 1931
331 811 2108
301 781 2018
373 853 2234
380 860 2255
308 788 2040
277 757 1945
314 794 2057
320 800 2075
326 806 2094
332 812 2111
302 782 2021
374 854 2237
379 859 2252
271 751 1928
234 714 1812
227 707 1791
239 719 1827
245 725 1845
252 732 1866
275 755 1935
334 814 2118
304 784 2028
377 857 2246
382 862 2259
312 792 2048
279 759 1953
316 796 2061
323 803 2079
330 810 2100
335 815 2115
305 785 2025
376 856 2241
383 863 2264
274 754 1938
232 712 1802
225 705 1783
237 717 1819
243 723 1837
250 730 1856
273 753 1927
336 816 2112
306 786 2022
378 858 2238
381 861 2251
311 791 2036
281 761 1949
315 795 2053
321 801 2071
328 808 2090
333 813 2107
303 783 2017
375 855 2233
384 864 2256
276 756 1932
251 731 1859
233 713 1805
228 708 1788
240 720 1824
246 726 1842
258 738 1878
360 840 2184
401 881 2306
389 869 2270
263 743 1892
329 809 2093
310 790 2039
280 760 1946
318 798 2058
324 804 2076
342 822 2130
288 768 1968
292 772 1982
371 851 2216
393 873 2287
357 837 2179
255 735 1873
262 742 1895
388 868 2273
400 880 2309
352 832 2165
347 827 2144
298 778 2000
364 844 2198
269 749 1913
339 819 2125
285 765 1963
293 773 1985
370 850 2219
396 876 2292
353 833 2162
346 826 2147
299 779 2003
365 845 2201
268 748 1910
249 729 1863
231 711 1809
226 706 1794
238 718 1830
244 724 1848
257 737 1886
359 839 2192
402 882 2318
390 870 2282
264 744 1904
327 807 2097
309 789 2043
282 762 1956
317 797 2066
322 802 2082
341 821 2138
286 766 1974
294 774 1992
372 852 2228
394 874 2295
416 1270 2331
408 1246 2327
406 1251 2328
412 1287 2334
415 1305 2337
424 1335 2346
492 1552 2412
582 1474 2499
565 1600 2487
514 1353 2436
461 1480 2376
453 1402 2372
451 1407 2373
457 1491 2379
460 1503 2382
475 1534 2396
439 1413 2361
496 1443 2418
533 1593 2457
551 1384 2463
579 1324 2492
483 1276 2402
426 1264 2343
521 1300 2433
566 1318 2478
489 1342 2406
578 1563 2502
560 1461 2484
518 1587 2442
429 1348 2349
547 1522 2468
465 1419 2387
441 1396 2358
504 1498 2421
537 1516 2454
550 1558 2472
476 1426 2388
444 1432 2364
502 1569 2426
526 1371 2448
481 1281 2403
420 1257 2342
510 1293 2432
555 1311 2477
571 1329 2493
540 1377 2462
473 1539 2397
447 1450 2367
507 1576 2427
534 1366 2447
469 1485 2391
435 1389 2357
498 1438 2417
529 1509 2453
545 1527 2469
487 1545 2411
574 1467 2498
562 1456 2483
520 1582 2441
432 1360 2352
589 1271 2509
583 1247 2503
586 1254 2506
593 1290 2512
596 1308 2515
599 1338 2518
633 1553 2555
620 1475 2541
640 1601 2562
603 1356 2522
622 1481 2542
607 1403 2528
612 1410 2531
626 1494 2545
629 1506 2548
631 1535 2551
614 1416 2533
618 1446 2537
641 1596 2559
605 1385 2526
167 907 1616
164 889 1608
163 883 1606
165 895 1612
166 901 1615
169 919 1624
192 1057 1692
222 1237 1782
216 1201 1765
199 1099 1714
182 997 1661
179 979 1653
178 973 1651
180 985 1657
181 991 1660
186 1021 1675
174 949 1639
193 1063 1696
205 1135 1733
212 1177 1751
221 1231 1779
189 1039 1683
170 925 1626
202 1117 1721
217 1207 1766
191 1051 1689
220 1225 1778
214 1189 1760
200 1105 1718
171 931 1629
210 1165 1747
183 1003 1665
175 955 1641
196 1081 1704
207 1147 1737
211 1171 1750
187 1027 1676
176 961 1644
195 1075 1702
203 1123 1726
188 1033 1681
168 913 1620
198 1093 1710
213 1183 1755
218 1213 1771
208 1153 1740
185 1015 1673
177 967 1647
197 1087 1707
206 1141 1734
184 1009 1669
173 943 1635
194 1069 1698
204 1129 1729
209 1159 1745
190 1045 1687
219 1219 1774
215 1195 1762
201 1111 1720
172 937 1632
357 1280 2189
255 1256 1883
262 1292 1903
388 1310 2281
400 1328 2317
352 1376 2173
347 1538 2158
298 1447 2012
364 1573 2210
269 1363 1924
339 1484 2135
285 1388 1973
293 1435 1996
370 1508 2227
396 1526 2304
353 1544 2176
346 1466 2155
299 1453 2014
365 1579 2212
268 1357 1922
249 1268 1864
231 1244 1810
226 1249 1795
238 1285 1831
244 1303 1849
257 1333 1887
359 1550 2193
402 1472 2321
390 1598 2285
264 1351 1907
327 1478 2098
309 1400 2044
282 1405 1961
317 1489 2067
322 1501 2083
341 1532 2139
286 1411 1975
294 1441 1997
372 1591 2231
394 1382 2298
358 1322 2190
256 1274 1884
261 1262 1900
387 1298 2278
399 1316 2314
351 1340 2170
348 1561 2159
300 1459 2015
366 1585 2213
267 1346 1918
340 1520 2136
287 1417 1977
291 1394 1990
369 1496 2224
395 1514 2301
354 1556 2177
345 1424 2152
297 1430 2008
363 1567 2206
270 1369 1925
234 1279 1817
227 1255 1797
239 1291 1833
245 1309 1851
252 1327 1871
275 1375 1941
334 1537 2119
304 1448 2029
377 1574 2247
382 1364 2262
312 1483 2051
279 1387 1954
316 1436 2064
323 1507 2085
330 1525 2105
335 1543 2121
305 1465 2031
376 1454 2244
383 1580 2265
274 1358 1939
232 1267 1814
225 1243 1793
237 1250 1829
243 1286 1847
250 1304 1868
273 1334 1937
336 1549 2124
306 1471 2034
378 1597 2250
381 1352 2261
311 1477 2050
281 1399 1960
315 1406 2063
321 1490 2081
328 1502 2102
333 1531 2117
303 1412 2027
375 1442 2243
384 1592 2268
276 1381 1944
229 890 1804
223 884 1785
235 896 1821
241 902 1839
247 908 1858
271 938 1929
332 1046 2114
302 1220 2024
374 1196 2240
379 1112 2253
307 980 2038
278 974 1951
313 986 2055
319 992 2073
325 998 2092
331 1016 2109
301 968 2019
373 1088 2235
380 1142 2258
272 1154 1934
248 1214 1861
230 1034 1807
224 914 1790
236 1094 1826
242 1184 1844
254 1040 1880
356 1232 2186
397 1208 2308
385 1118 2272
259 926 1894
326 1160 2095
308 1010 2041
277 944 1948
314 1070 2060
320 1130 2078
338 1166 2132
284 1004 1970
289 956 1984
367 1082 2218
391 1148 2289
355 1058 2181
253 920 1875
260 1100 1897
386 1202 2275
398 1238 2311
350 1172 2167
343 1028 2146
295 962 2002
361 1076 2200
266 1124 1915
337 1022 2127
283 950 1965
290 1064 1987
368 1136 2221
392 1178 2294
349 1052 2164
344 1226 2149
296 1190 2005
362 1106 2203
265 932 1912
251 1321 1870
233 1273 1816
228 1261 1800
240 1297 1836
246 1315 1854
258 1339 1890
360 1562 2196
401 1460 2320
389 1586 2284
263 1345 1906
329 1519 2104
310 1418 2047
280 1393 1958
318 1495 2070
324 1513 2088
342 1555 2142
288 1423 1980
292 1429 1994
371 1568 2230
393 1370 2297
409 894 2329
405 887 2323
411 899 2326
414 905 2333
417 912 2336
431 941 2345
488 1050 2409
575 1224 2496
563 1200 2485
519 1115 2435
454 984 2374
450 977 2368
456 989 2371
459 995 2378
462 1002 2381
472 1019 2392
446 971 2360
506 1091 2416
535 1146 2456
541 1158 2460
570 1217 2488
480 1037 2398
421 918 2340
511 1098 2430
556 1188 2475
484 1044 2404
580 1236 2501
567 1212 2482
522 1122 2440
427 930 2347
544 1163 2464
468 1013 2384
436 948 2355
499 1074 2419
530 1134 2451
548 1170 2470
466 1008 2385
442 960 2362
505 1086 2423
536 1151 2446
491 1061 2401
423 923 2339
513 1103 2429
564 1205 2474
581 1241 2491
549 1175 2459
477 1032 2395
445 966 2365
503 1080 2424
525 1127 2443
474 1025 2390
438 953 2354
495 1067 2413
532 1139 2450
552 1182 2467
490 1056 2408
577 1229 2495
559 1193 2479
517 1109 2437
430 936 2350
590 1325 2511
584 1277 2505
585 1265 2507
592 1301 2513
595 1319 2516
598 1343 2519
636 1566 2556
621 1464 2540
642 1590 2561
601 1349 2521
623 1523 2544
611 1422 2529
609 1397 2530
625 1499 2546
628 1517 2549
632 1559 2553
613 1427 2534
616 1433 2536
638 1572 2557
606 1374 2525
407 892 1609
403 885 1605
404 897 1611
410 903 1614
413 910 1617
422 939 1631
486 1048 1688
573 1222 1775
561 1198 1763
512 1113 1719
452 982 1654
448 975 1650
449 987 1656
455 993 1659
458 1000 1662
470 1017 1672
437 969 1646
494 1089 1706
531 1144 1735
539 1156 1741
568 1215 1770
478 1035 1680
419 916 1621
509 1096 1711
554 1186 1756
482 1042 1684
576 1234 1780
558 1210 1767
516 1120 1722
425 928 1627
542 1161 1744
463 1011 1668
434 946 1636
497 1072 1699
528 1132 1730
546 1168 1748
464 1006 1666
440 958 1642
500 1084 1705
524 1149 1736
479 1059 1691
418 921 1623
508 1101 1713
553 1203 1764
569 1239 1781
538 1173 1749
471 1030 1677
443 964 1645
501 1078 1703
523 1125 1725
467 1023 1674
433 951 1638
493 1065 1695
527 1137 1732
543 1180 1752
485 1054 1690
572 1227 1777
557 1191 1759
515 1107 1717
428 934 1630
591 1326 2191
587 1278 1885
588 1266 1901
594 1302 2279
597 1320 2315
600 1344 2171
634 1565 2160
619 1463 2016
639 1589 2214
602 1350 1919
624 1524 2137
608 1421 1978
610 1398 1991
627 1500 2225
630 1518 2302
635 1560 2178
615 1428 2153
617 1434 2009
637 1571 2207
604 1373 1926
416 911 1857
408 893 1803
406 888 1786
412 900 1822
415 906 1840
424 924 1876
492 1062 2182
582 1242 2312
565 1206 2276
514 1104 1898
461 1001 2091
453 983 2037
451 978 1952
457 990 2056
460 996 2074
475 1026 2128
439 954 1966
496 1068 1988
533 1140 2222
551 1181 2293
579 1235 2185
483 1043 1879
426 929 1893
521 1121 2271
566 1211 2307
489 1055 2163
578 1230 2150
560 1194 2006
518 1110 2204
429 935 1911
547 1169 2131
465 1007 1969
441 959 1983
504 1085 2217
537 1152 2290
550 1176 2168
476 1031 2145
444 965 2001
502 1079 2199
526 1128 1916
481 1038 1808
420 917 1789
510 1097 1825
555 1187 1843
571 1218 1862
540 1157 1933
473 1020 2110
447 972 2020
507 1092 2236
534 1145 2257
469 1014 2042
435 947 1947
498 1073 2059
529 1133 2077
545 1164 2096
487 1049 2113
574 1223 2023
562 1199 2239
520 1116 2254
432 942 1930
589 1283 1818
583 1259 1798
586 1295 1834
593 1313 1852
596 1331 1872
599 1379 1942
633 1541 2120
620 1452 2030
640 1578 2248
603 1368 2263
622 1487 2052
607 1391 1955
612 1440 2065
626 1511 2086
629 1529 2106
631 1547 2122
614 1469 2032
618 1458 2245
641 1584 2266
605 1362 1940
409 1269 1813
405 1245 1792
411 1252 1828
414 1288 1846
417 1306 1867
431 1336 1936
488 1551 2123
575 1473 2033
563 1599 2249
519 1354 2260
454 1479 2049
450 1401 1959
456 1408 2062
459 1492 2080
462 1504 2101
472 1533 2116
446 1414 2026
506 1444 2242
535 1594 2267
541 1383 1943
570 1323 1869
480 1275 1815
421 1263 1799
511 1299 1835
556 1317 1853
484 1341 1889
580 1564 2195
567 1462 2319
522 1588 2283
427 1347 1905
544 1521 2103
468 1420 2046
436 1395 1957
499 1497 2069
530 1515 2087
548 1557 2141
466 1425 1979
442 1431 1993
505 1570 2229
536 1372 2296
491 1282 2188
423 1258 1882
513 1294 1902
564 1312 2280
581 1330 2316
549 1378 2172
477 1540 2157
445 1449 2011
503 1575 2209
525 1365 1923
474 1486 2134
438 1390 1972
495 1437 1995
532 1510 2226
552 1528 2303
490 1546 2175
577 1468 2154
559 1455 2013
517 1581 2211
430 1359 1921
590 1272 1865
584 1248 1811
585 1253 1796
592 1289 1832
595 1307 1850
598 1337 1888
636 1554 2194
621 1476 2322
642 1602 2286
601 1355 1908
623 1482 2099
611 1404 2045
609 1409 1962
625 1493 2068
628 1505 2084
632 1536 2140
613 1415 1976
616 1445 1998
638 1595 2232
606 1386 2299
407 909 2330
403 891 2324
404 886 2325
410 898 2332
413 904 2335
422 922 2344
486 1060 2410
573 1240 2497
561 1204 2486
512 1102 2434
452 999 2375
448 981 2369
449 976 2370
455 988 2377
458 994 2380
470 1024 2393
437 952 2359
494 1066 2415
531 1138 2455
539 1179 2461
568 1233 2489
478 1041 2399
419 927 2341
509 1119 2431
554 1209 2476
482 1053 2405
576 1228 2500
558 1192 2481
516 1108 2439
425 933 2348
542 1167 2465
463 1005 2383
434 957 2356
497 1083 2420
528 1150 2452
546 1174 2471
464 1029 2386
440 963 2363
500 1077 2422
524 1126 2445
479 1036 2400
418 915 2338
508 1095 2428
553 1185 2473
569 1216 2490
538 1155 2458
471 1018 2394
443 970 2366
501 1090 2425
523 1143 2444
467 1012 2389
433 945 2353
493 1071 2414
527 1131 2449
543 1162 2466
485 1047 2407
572 1221 2494
557 1197 2480
515 1114 2438
428 940 2351
591 1284 2510
587 1260 2504
588 1296 2508
594 1314 2514
597 1332 2517
600 1380 2520
634 1542 2554
619 1451 2539
639 1577 2560
602 1367 2523
624 1488 2543
608 1392 2527
610 1439 2532
627 1512 2547
630 1530 2550
635 1548 2552
615 1470 2535
617 1457 2538
637 1583 2558
604 1361 2524
167 1616 1607
164 1608 1603
163 1606 1604
165 1612 1610
166 1615 1613
169 1624 1622
192 1692 1686
222 1782 1773
216 1765 1761
199 1714 1712
182 1661 1652
179 1653 1648
178 1651 1649
180 1657 1655
181 1660 1658
186 1675 1670
174 1639 1637
193 1696 1694
205 1733 1731
212 1751 1739
221 1779 1768
189 1683 1678
170 1626 1619
202 1721 1709
217 1766 1754
191 1689 1682
220 1778 1776
214 1760 1758
200 1718 1716
171 1629 1625
210 1747 1742
183 1665 1663
175 1641 1634
196 1704 1697
207 1737 1728
211 1750 1746
187 1676 1664
176 1644 1640
195 1702 1700
203 1726 1724
188 1681 1679
168 1620 1618
198 1710 1708
213 1755 1753
218 1771 1769
208 1740 1738
185 1673 1671
177 1647 1643
197 1707 1701
206 1734 1723
184 1669 1667
173 1635 1633
194 1698 1693
204 1729 1727
209 1745 1743
190 1687 1685
219 1774 1772
215 1762 1757
201 1720 1715
172 1632 1628
357 2189 2187
255 1883 1881
262 1903 1899
388 2281 2277
400 2317 2313
352 2173 2169
347 2158 2156
298 2012 2010
364 2210 2208
269 1924 1917
339 2135 2133
285 1973 1971
293 1996 1989
370 2227 2223
396 2304 2300
353 2176 2174
346 2155 2151
299 2014 2007
365 2212 2205
268 1922 1920
249 1864 1855
231 1810 1801
226 1795 1784
238 1831 1820
244 1849 1838
257 1887 1874
359 2193 2180
402 2321 2310
390 2285 2274
264 1907 1896
327 2098 2089
309 2044 2035
282 1961 1950
317 2067 2054
322 2083 2072
341 2139 2126
286 1975 1964
294 1997 1986
372 2231 2220
394 2298 2291
358 2190 2183
256 1884 1877
261 1900 1891
387 2278 2269
399 2314 2305
351 2170 2161
348 2159 2148
300 2015 2004
366 2213 2202
267 1918 1909
340 2136 2129
287 1977 1967
291 1990 1981
369 2224 2215
395 2301 2288
354 2177 2166
345 2152 2143
297 2008 1999
363 2206 2197
270 1925 1914
234 1817 1806
227 1797 1787
239 1833 1823
245 1851 1841
252 1871 1860
275 1941 1931
334 2119 2108
304 2029 2018
377 2247 2234
382 2262 2255
312 2051 2040
279 1954 1945
316 2064 2057
323 2085 2075
330 2105 2094
335 2121 2111
305 2031 2021
376 2244 2237
383 2265 2252
274 1939 1928
232 1814 1812
225 1793 1791
237 1829 1827
243 1847 1845
250 1868 1866
273 1937 1935
336 2124 2118
306 2034 2028
378 2250 2246
381 2261 2259
311 2050 2048
281 1960 1953
315 2063 2061
321 2081 2079
328 2102 2100
333 2117 2115
303 2027 2025
375 2243 2241
384 2268 2264
276 1944 1938
229 1804 1802
223 1785 1783
235 1821 1819
241 1839 1837
247 1858 1856
271 1929 1927
332 2114 2112
302 2024 2022
374 2240 2238
379 2253 2251
307 2038 2036
278 1951 1949
313 2055 2053
319 2073 2071
325 2092 2090
331 2109 2107
301 2019 2017
373 2235 2233
380 2258 2256
272 1934 1932
248 1861 1859
230 1807 1805
224 1790 1788
236 1826 1824
242 1844 1842
254 1880 1878
356 2186 2184
397 2308 2306
385 2272 2270
259 1894 1892
326 2095 2093
308 2041 2039
277 1948 1946
314 2060 2058
320 2078 2076
338 2132 2130
284 1970 1968
289 1984 1982
367 2218 2216
391 2289 2287
355 2181 2179
253 1875 1873
260 1897 1895
386 2275 2273
398 2311 2309
350 2167 2165
343 2146 2144
295 2002 2000
361 2200 2198
266 1915 1913
337 2127 2125
283 1965 1963
290 1987 1985
368 2221 2219
392 2294 2292
349 2164 2162
344 2149 2147
296 2005 2003
362 2203 2201
265 1912 1910
251 1870 1863
233 1816 1809
228 1800 1794
240 1836 1830
246 1854 1848
258 1890 1886
360 2196 2192
401 2320 2318
389 2284 2282
263 1906 1904
329 2104 2097
310 2047 2043
280 1958 1956
318 2070 2066
324 2088 2082
342 2142 2138
288 1980 1974
292 1994 1992
371 2230 2228
393 2297 2295
409 2329 2331
405 2323 2327
411 2326 2328
414 2333 2334
417 2336 2337
431 2345 2346
488 2409 2412
575 2496 2499
563 2485 2487
519 2435 2436
454 2374 2376
450 2368 2372
456 2371 2373
459 2378 2379
462 2381 2382
472 2392 2396
446 2360 2361
506 2416 2418
535 2456 2457
541 2460 2463
570 2488 2492
480 2398 2402
421 2340 2343
511 2430 2433
556 2475 2478
484 2404 2406
580 2501 2502
567 2482 2484
522 2440 2442
427 2347 2349
544 2464 2468
468 2384 2387
436 2355 2358
499 2419 2421
530 2451 2454
548 2470 2472
466 2385 2388
442 2362 2364
505 2423 2426
536 2446 2448
491 2401 2403
423 2339 2342
513 2429 2432
564 2474 2477
581 2491 2493
549 2459 2462
477 2395 2397
445 2365 2367
503 2424 2427
525 2443 2447
474 2390 2391
438 2354 2357
495 2413 2417
532 2450 2453
552 2467 2469
490 2408 2411
577 2495 2498
559 2479 2483
517 2437 2441
430 2350 2352
590 2511 2509
584 2505 2503
585 2507 2506
592 2513 2512
595 2516 2515
598 2519 2518
636 2556 2555
621 2540 2541
642 2561 2562
601 2521 2522
623 2544 2542
611 2529 2528
609 2530 2531
625 2546 2545
628 2549 2548
632 2553 2551
613 2534 2533
616 2536 2537
638 2557 2559
606 2525 2526
1607 644 647
1603 643 644
1604 645 643
1610 646 645
1613 647 646
1622 652 649
1686 670 672
1773 699 702
1761 695 696
1712 681 679
1652 659 662
1648 658 659
1649 660 658
1655 661 660
1658 662 661
1670 665 666
1637 657 654
1694 677 673
1731 686 685
1739 688 692
1768 698 701
1678 668 669
1619 648 650
1709 678 682
1754 693 697
1682 669 671
1776 701 700
1758 697 694
1716 682 680
1625 650 651
1742 689 690
1663 664 663
1634 653 655
1697 674 676
1728 684 687
1746 690 691
1664 663 667
1640 655 656
1700 676 675
1724 687 683
1679 672 668
1618 649 648
1708 679 678
1753 696 693
1769 702 698
1738 691 688
1671 667 665
1643 656 657
1701 675 677
1723 683 686
1667 666 664
1633 654 653
1693 673 674
1727 685 684
1743 692 689
1685 671 670
1772 700 699
1757 694 695
1715 680 681
1628 651 652
2187 838 837
1881 736 735
1899 741 742
2277 867 868
2313 879 880
2169 831 832
2156 828 827
2010 780 778
2208 846 844
1917 747 749
2133 820 819
1971 767 765
1989 771 773
2223 849 850
2300 875 876
2174 834 833
2151 825 826
2007 777 779
2205 843 845
1920 750 748
1855 727 729
1801 709 711
1784 703 706
1820 715 718
1838 721 724
1874 733 737
2180 835 839
2310 878 882
2274 866 870
1896 740 744
2089 805 807
2035 787 789
1950 758 762
2054 793 797
2072 799 802
2126 817 821
1964 763 766
1986 770 774
2220 848 852
2291 872 874
2183 836 838
1877 734 736
1891 739 741
2269 865 867
2305 877 879
2161 829 831
2148 824 828
2004 776 780
2202 842 846
1909 745 747
2129 818 820
1967 764 767
1981 769 771
2215 847 849
2288 871 875
2166 830 834
2143 823 825
1999 775 777
2197 841 843
1914 746 750
1806 710 714
1787 704 707
1823 716 719
1841 722 725
1860 728 732
1931 752 755
2108 811 814
2018 781 784
2234 853 857
2255 860 862
2040 788 792
1945 757 759
2057 794 796
2075 800 803
2094 806 810
2111 812 815
2021 782 785
2237 854 856
2252 859 863
1928 751 754
1812 714 712
1791 707 705
1827 719 717
1845 725 723
1866 732 730
1935 755 753
2118 814 816
2028 784 786
2246 857 858
2259 862 861
2048 792 791
1953 759 761
2061 796 795
2079 803 801
2100 810 808
2115 815 813
2025 785 783
2241 856 855
2264 863 864
1938 754 756
1802 712 709
1783 705 703
1819 717 715
1837 723 721
1856 730 727
1927 753 751
2112 816 812
2022 786 782
2238 858 854
2251 861 859
2036 791 787
1949 761 758
2053 795 793
2071 801 799
2090 808 805
2107 813 811
2017 783 781
2233 855 853
2256 864 860
1932 756 752
1859 731 728
1805 713 710
1788 708 704
1824 720 716
1842 726 722
1878 738 734
2184 840 836
2306 881 877
2270 869 865
1892 743 739
2093 809 806
2039 790 788
1946 760 757
2058 798 794
2076 804 800
2130 822 818
1968 768 764
1982 772 769
2216 851 847
2287 873 871
2179 837 835
1873 735 733
1895 742 740
2273 868 866
2309 880 878
2165 832 830
2144 827 823
2000 778 775
2198 844 841
1913 749 746
2125 819 817
1963 765 763
1985 773 770
2219 850 848
2292 876 872
2162 833 829
2147 826 824
2003 779 776
2201 845 842
1910 748 745
1863 729 731
1809 711 713
1794 706 708
1830 718 720
1848 724 726
1886 737 738
2192 839 840
2318 882 881
2282 870 869
1904 744 743
2097 807 809
2043 789 790
1956 762 760
2066 797 798
2082 802 804
2138 821 822
1974 766 768
1992 774 772
2228 852 851
2295 874 873
2331 1270 1269
2327 1246 1245
2328 1251 1252
2334 1287 1288
2337 1305 1306
2346 1335 1336
2412 1552 1551
2499 1474 1473
2487 1600 1599
2436 1353 1354
2376 1480 1479
2372 1402 1401
2373 1407 1408
2379 1491 1492
2382 1503 1504
2396 1534 1533
2361 1413 1414
2418 1443 1444
2457 1593 1594
2463 1384 1383
2492 1324 1323
2402 1276 1275
2343 1264 1263
2433 1300 1299
2478 1318 1317
2406 1342 1341
2502 1563 1564
2484 1461 1462
2442 1587 1588
2349 1348 1347
2468 1522 1521
2387 1419 1420
2358 1396 1395
2421 1498 1497
2454 1516 1515
2472 1558 1557
2388 1426 1425
2364 1432 1431
2426 1569 1570
2448 1371 1372
2403 1281 1282
2342 1257 1258
2432 1293 1294
2477 1311 1312
2493 1329 1330
2462 1377 1378
2397 1539 1540
2367 1450 1449
2427 1576 1575
2447 1366 1365
2391 1485 1486
2357 1389 1390
2417 1438 1437
2453 1509 1510
2469 1527 1528
2411 1545 1546
2498 1467 1468
2483 1456 1455
2441 1582 1581
2352 1360 1359
2509 1271 1272
2503 1247 1248
2506 1254 1253
2512 1290 1289
2515 1308 1307
2518 1338 1337
2555 1553 1554
2541 1475 1476
2562 1601 1602
2522 1356 1355
2542 1481 1482
2528 1403 1404
2531 1410 1409
2545 1494 1493
2548 1506 1505
2551 1535 1536
2533 1416 1415
2537 1446 1445
2559 1596 1595
2526 1385 1386
1616 907 909
1608 889 891
1606 883 886
1612 895 898
1615 901 904
1624 919 922
1692 1057 1060
1782 1237 1240
1765 1201 1204
1714 1099 1102
1661 997 999
1653 979 981
1651 973 976
1657 985 988
1660 991 994
1675 1021 1024
1639 949 952
1696 1063 1066
1733 1135 1138
1751 1177 1179
1779 1231 1233
1683 1039 1041
1626 925 927
1721 1117 1119
1766 1207 1209
1689 1051 1053
1778 1225 1228
1760 1189 1192
1718 1105 1108
1629 931 933
1747 1165 1167
1665 1003 1005
1641 955 957
1704 1081 1083
1737 1147 1150
1750 1171 1174
1676 1027 1029
1644 961 963
1702 1075 1077
1726 1123 1126
1681 1033 1036
1620 913 915
1710 1093 1095
1755 1183 1185
1771 1213 1216
1740 1153 1155
1673 1015 1018
1647 967 970
1707 1087 1090
1734 1141 1143
1669 1009 1012
1635 943 945
1698 1069 1071
1729 1129 1131
1745 1159 1162
1687 1045 1047
1774 1219 1221
1762 1195 1197
1720 1111 1114
1632 937 940
2189 1280 1284
1883 1256 1260
1903 1292 1296
2281 1310 1314
2317 1328 1332
2173 1376 1380
2158 1538 1542
2012 1447 1451
2210 1573 1577
1924 1363 1367
2135 1484 1488
1973 1388 1392
1996 1435 1439
2227 1508 1512
2304 1526 1530
2176 1544 1548
2155 1466 1470
2014 1453 1457
2212 1579 1583
1922 1357 1361
1864 1268 1270
1810 1244 1246
1795 1249 1251
1831 1285 1287
1849 1303 1305
1887 1333 1335
2193 1550 1552
2321 1472 1474
2285 1598 1600
1907 1351 1353
2098 1478 1480
2044 1400 1402
1961 1405 1407
2067 1489 1491
2083 1501 1503
2139 1532 1534
1975 1411 1413
1997 1441 1443
2231 1591 1593
2298 1382 1384
2190 1322 1324
1884 1274 1276
1900 1262 1264
2278 1298 1300
2314 1316 1318
2170 1340 1342
2159 1561 1563
2015 1459 1461
2213 1585 1587
1918 1346 1348
2136 1520 1522
1977 1417 1419
1990 1394 1396
2224 1496 1498
2301 1514 1516
2177 1556 1558
2152 1424 1426
2008 1430 1432
2206 1567 1569
1925 1369 1371
1817 1279 1281
1797 1255 1257
1833 1291 1293
1851 1309 1311
1871 1327 1329
1941 1375 1377
2119 1537 1539
2029 1448 1450
2247 1574 1576
2262 1364 1366
2051 1483 1485
1954 1387 1389
2064 1436 1438
2085 1507 1509
2105 1525 1527
2121 1543 1545
2031 1465 1467
2244 1454 1456
2265 1580 1582
1939 1358 1360
1814 1267 1271
1793 1243 1247
1829 1250 1254
1847 1286 1290
1868 1304 1308
1937 1334 1338
2124 1549 1553
2034 1471 1475
2250 1597 1601
2261 1352 1356
2050 1477 1481
1960 1399 1403
2063 1406 1410
2081 1490 1494
2102 1502 1506
2117 1531 1535
2027 1412 1416
2243 1442 1446
2268 1592 1596
1944 1381 1385
1804 890 894
1785 884 887
1821 896 899
1839 902 905
1858 908 912
1929 938 941
2114 1046 1050
2024 1220 1224
2240 1196 1200
2253 1112 1115
2038 980 984
1951 974 977
2055 986 989
2073 992 995
2092 998 1002
2109 1016 1019
2019 968 971
2235 1088 1091
2258 1142 1146
1934 1154 1158
1861 1214 1217
1807 1034 1037
1790 914 918
1826 1094 1098
1844 1184 1188
1880 1040 1044
2186 1232 1236
2308 1208 1212
2272 1118 1122
1894 926 930
2095 1160 1163
2041 1010 1013
1948 944 948
2060 1070 1074
2078 1130 1134
2132 1166 1170
1970 1004 1008
1984 956 960
2218 1082 1086
2289 1148 1151
2181 1058 1061
1875 920 923
1897 1100 1103
2275 1202 1205
2311 1238 1241
2167 1172 1175
2146 1028 1032
2002 962 966
2200 1076 1080
1915 1124 1127
2127 1022 1025
1965 950 953
1987 1064 1067
2221 1136 1139
2294 1178 1182
2164 1052 1056
2149 1226 1229
2005 1190 1193
2203 1106 1109
1912 932 936
1870 1321 1325
1816 1273 1277
1800 1261 1265
1836 1297 1301
1854 1315 1319
1890 1339 1343
2196 1562 1566
2320 1460 1464
2284 1586 1590
1906 1345 1349
2104 1519 1523
2047 1418 1422
1958 1393 1397
2070 1495 1499
2088 1513 1517
2142 1555 1559
1980 1423 1427
1994 1429 1433
2230 1568 1572
2297 1370 1374
2329 894 892
2323 887 885
2326 899 897
2333 905 903
2336 912 910
2345 941 939
2409 1050 1048
2496 1224 1222
2485 1200 1198
2435 1115 1113
2374 984 982
2368 977 975
2371 989 987
2378 995 993
2381 1002 1000
2392 1019 1017
2360 971 969
2416 1091 1089
2456 1146 1144
2460 1158 1156
2488 1217 1215
2398 1037 1035
2340 918 916
2430 1098 1096
2475 1188 1186
2404 1044 1042
2501 1236 1234
2482 1212 1210
2440 1122 1120
2347 930 928
2464 1163 1161
2384 1013 1011
2355 948 946
2419 1074 1072
2451 1134 1132
2470 1170 1168
2385 1008 1006
2362 960 958
2423 1086 1084
2446 1151 1149
2401 1061 1059
2339 923 921
2429 1103 1101
2474 1205 1203
2491 1241 1239
2459 1175 1173
2395 1032 1030
2365 966 964
2424 1080 1078
2443 1127 1125
2390 1025 1023
2354 953 951
2413 1067 1065
2450 1139 1137
2467 1182 1180
2408 1056 1054
2495 1229 1227
2479 1193 1191
2437 1109 1107
2350 936 934
2511 1325 1326
2505 1277 1278
2507 1265 1266
2513 1301 1302
2516 1319 1320
2519 1343 1344
2556 1566 1565
2540 1464 1463
2561 1590 1589
2521 1349 1350
2544 1523 1524
2529 1422 1421
2530 1397 1398
2546 1499 1500
2549 1517 1518
2553 1559 1560
2534 1427 1428
2536 1433 1434
2557 1572 1571
2525 1374 1373
1609 892 889
1605 885 883
1611 897 895
1614 903 901
1617 910 907
1631 939 937
1688 1048 1045
1775 1222 1219
1763 1198 1195
1719 1113 1111
1654 982 979
1650 975 973
1656 987 985
1659 993 991
1662 1000 997
1672 1017 1015
1646 969 967
1706 1089 1087
1735 1144 1141
1741 1156 1153
1770 1215 1213
1680 1035 1033
1621 916 913
1711 1096 1093
1756 1186 1183
1684 1042 1039
1780 1234 1231
1767 1210 1207
1722 1120 1117
1627 928 925
1744 1161 1159
1668 1011 1009
1636 946 943
1699 1072 1069
1730 1132 1129
1748 1168 1165
1666 1006 1003
1642 958 955
1705 1084 1081
1736 1149 1147
1691 1059 1057
1623 921 919
1713 1101 1099
1764 1203 1201
1781 1239 1237
1749 1173 1171
1677 1030 1027
1645 964 961
1703 1078 1075
1725 1125 1123
1674 1023 1021
1638 951 949
1695 1065 1063
1732 1137 1135
1752 1180 1177
1690 1054 1051
1777 1227 1225
1759 1191 1189
1717 1107 1105
1630 934 931
2191 1326 1322
1885 1278 1274
1901 1266 1262
2279 1302 1298
2315 1320 1316
2171 1344 1340
2160 1565 1561
2016 1463 1459
2214 1589 1585
1919 1350 1346
2137 1524 1520
1978 1421 1417
1991 1398 1394
2225 1500 1496
2302 1518 1514
2178 1560 1556
2153 1428 1424
2009 1434 1430
2207 1571 1567
1926 1373 1369
1857 911 908
1803 893 890
1786 888 884
1822 900 896
1840 906 902
1876 924 920
2182 1062 1058
2312 1242 1238
2276 1206 1202
1898 1104 1100
2091 1001 998
2037 983 980
1952 978 974
2056 990 986
2074 996 992
2128 1026 1022
1966 954 950
1988 1068 1064
2222 1140 1136
2293 1181 1178
2185 1235 1232
1879 1043 1040
1893 929 926
2271 1121 1118
2307 1211 1208
2163 1055 1052
2150 1230 1226
2006 1194 1190
2204 1110 1106
1911 935 932
2131 1169 1166
1969 1007 1004
1983 959 956
2217 1085 1082
2290 1152 1148
2168 1176 1172
2145 1031 1028
2001 965 962
2199 1079 1076
1916 1128 1124
1808 1038 1034
1789 917 914
1825 1097 1094
1843 1187 1184
1862 1218 1214
1933 1157 1154
2110 1020 1016
2020 972 968
2236 1092 1088
2257 1145 1142
2042 1014 1010
1947 947 944
2059 1073 1070
2077 1133 1130
2096 1164 1160
2113 1049 1046
2023 1223 1220
2239 1199 1196
2254 1116 1112
1930 942 938
1818 1283 1279
1798 1259 1255
1834 1295 1291
1852 1313 1309
1872 1331 1327
1942 1379 1375
2120 1541 1537
2030 1452 1448
2248 1578 1574
2263 1368 1364
2052 1487 1483
1955 1391 1387
2065 1440 1436
2086 1511 1507
2106 1529 1525
2122 1547 1543
2032 1469 1465
2245 1458 1454
2266 1584 1580
1940 1362 1358
1813 1269 1267
1792 1245 1243
1828 1252 1250
1846 1288 1286
1867 1306 1304
1936 1336 1334
2123 1551 1549
2033 1473 1471
2249 1599 1597
2260 1354 1352
2049 1479 1477
1959 1401 1399
2062 1408 1406
2080 1492 1490
2101 1504 1502
2116 1533 1531
2026 1414 1412
2242 1444 1442
2267 1594 1592
1943 1383 1381
1869 1323 1321
1815 1275 1273
1799 1263 1261
1835 1299 1297
1853 1317 1315
1889 1341 1339
2195 1564 1562
2319 1462 1460
2283 1588 1586
1905 1347 1345
2103 1521 1519
2046 1420 1418
1957 1395 1393
2069 1497 1495
2087 1515 1513
2141 1557 1555
1979 1425 1423
1993 1431 1429
2229 1570 1568
2296 1372 1370
2188 1282 1280
1882 1258 1256
1902 1294 1292
2280 1312 1310
2316 1330 1328
2172 1378 1376
2157 1540 1538
2011 1449 1447
2209 1575 1573
1923 1365 1363
2134 1486 1484
1972 1390 1388
1995 1437 1435
2226 1510 1508
2303 1528 1526
2175 1546 1544
2154 1468 1466
2013 1455 1453
2211 1581 1579
1921 1359 1357
1865 1272 1268
1811 1248 1244
1796 1253 1249
1832 1289 1285
1850 1307 1303
1888 1337 1333
2194 1554 1550
2322 1476 1472
2286 1602 1598
1908 1355 1351
2099 1482 1478
2045 1404 1400
1962 1409 1405
2068 1493 1489
2084 1505 1501
2140 1536 1532
1976 1415 1411
1998 1445 1441
2232 1595 1591
2299 1386 1382
2330 909 911
2324 891 893
2325 886 888
2332 898 900
2335 904 906
2344 922 924
2410 1060 1062
2497 1240 1242
2486 1204 1206
2434 1102 1104
2375 999 1001
2369 981 983
2370 976 978
2377 988 990
2380 994 996
2393 1024 1026
2359 952 954
2415 1066 1068
2455 1138 1140
2461 1179 1181
2489 1233 1235
2399 1041 1043
2341 927 929
2431 1119 1121
2476 1209 1211
2405 1053 1055
2500 1228 1230
2481 1192 1194
2439 1108 1110
2348 933 935
2465 1167 1169
2383 1005 1007
2356 957 959
2420 1083 1085
2452 1150 1152
2471 1174 1176
2386 1029 1031
2363 963 965
2422 1077 1079
2445 1126 1128
2400 1036 1038
2338 915 917
2428 1095 1097
2473 1185 1187
2490 1216 1218
2458 1155 1157
2394 1018 1020
2366 970 972
2425 1090 1092
2444 1143 1145
2389 1012 1014
2353 945 947
2414 1071 1073
2449 1131 1133
2466 1162 1164
2407 1047 1049
2494 1221 1223
2480 1197 1199
2438 1114 1116
2351 940 942
2510 1284 1283
2504 1260 1259
2508 1296 1295
2514 1314 1313
2517 1332 1331
2520 1380 1379
2554 1542 1541
2539 1451 1452
2560 1577 1578
2523 1367 1368
2543 1488 1487
2527 1392 1391
2532 1439 1440
2547 1512 1511
2550 1530 1529
2552 1548 1547
2535 1470 1469
2538 1457 1458
2558 1583 1584
2524 1361 1362
1607 1616 1609
1603 1608 1605
1604 1606 1611
1610 1612 1614
1613 1615 1617
1622 1624 1631
1686 1692 1688
1773 1782 1775
1761 1765 1763
1712 1714 1719
1652 1661 1654
1648 1653 1650
1649 1651 1656
1655 1657 1659
1658 1660 1662
1670 1675 1672
1637 1639 1646
1694 1696 1706
1731 1733 1735
1739 1751 1741
1768 1779 1770
1678 1683 1680
1619 1626 1621
1709 1721 1711
1754 1766 1756
1682 1689 1684
1776 1778 1780
1758 1760 1767
1716 1718 1722
1625 1629 1627
1742 1747 1744
1663 1665 1668
1634 1641 1636
1697 1704 1699
1728 1737 1730
1746 1750 1748
1664 1676 1666
1640 1644 1642
1700 1702 1705
1724 1726 1736
1679 1681 1691
1618 1620 1623
1708 1710 1713
1753 1755 1764
1769 1771 1781
1738 1740 1749
1671 1673 1677
1643 1647 1645
1701 1707 1703
1723 1734 1725
1667 1669 1674
1633 1635 1638
1693 1698 1695
1727 1729 1732
1743 1745 1752
1685 1687 1690
1772 1774 1777
1757 1762 1759
1715 1720 1717
1628 1632 1630
2187 2189 2191
1881 1883 1885
1899 1903 1901
2277 2281 2279
2313 2317 2315
2169 2173 2171
2156 2158 2160
2010 2012 2016
2208 2210 2214
1917 1924 1919
2133 2135 2137
1971 1973 1978
1989 1996 1991
2223 2227 2225
2300 2304 2302
2174 2176 2178
2151 2155 2153
2007 2014 2009
2205 2212 2207
1920 1922 1926
1855 1864 1857
1801 1810 1803
1784 1795 1786
1820 1831 1822
1838 1849 1840
1874 1887 1876
2180 2193 2182
2310 2321 2312
2274 2285 2276
1896 1907 1898
2089 2098 2091
2035 2044 2037
1950 1961 1952
2054 2067 2056
2072 2083 2074
2126 2139 2128
1964 1975 1966
1986 1997 1988
2220 2231 2222
2291 2298 2293
2183 2190 2185
1877 1884 1879
1891 1900 1893
2269 2278 2271
2305 2314 2307
2161 2170 2163
2148 2159 2150
2004 2015 2006
2202 2213 2204
1909 1918 1911
2129 2136 2131
1967 1977 1969
1981 1990 1983
2215 2224 2217
2288 2301 2290
2166 2177 2168
2143 2152 2145
1999 2008 2001
2197 2206 2199
1914 1925 1916
1806 1817 1808
1787 1797 1789
1823 1833 1825
1841 1851 1843
1860 1871 1862
1931 1941 1933
2108 2119 2110
2018 2029 2020
2234 2247 2236
2255 2262 2257
2040 2051 2042
1945 1954 1947
2057 2064 2059
2075 2085 2077
2094 2105 2096
2111 2121 2113
2021 2031 2023
2237 2244 2239
2252 2265 2254
1928 1939 1930
1812 1814 1818
1791 1793 1798
1827 1829 1834
1845 1847 1852
1866 1868 1872
1935 1937 1942
2118 2124 2120
2028 2034 2030
2246 2250 2248
2259 2261 2263
2048 2050 2052
1953 1960 1955
2061 2063 2065
2079 2081 2086
2100 2102 2106
2115 2117 2122
2025 2027 2032
2241 2243 2245
2264 2268 2266
1938 1944 1940
1802 1804 1813
1783 1785 1792
1819 1821 1828
1837 1839 1846
1856 1858 1867
1927 1929 1936
2112 2114 2123
2022 2024 2033
2238 2240 2249
2251 2253 2260
2036 2038 2049
1949 1951 1959
2053 2055 2062
2071 2073 2080
2090 2092 2101
2107 2109 2116
2017 2019 2026
2233 2235 2242
2256 2258 2267
1932 1934 1943
1859 1861 1869
1805 1807 1815
1788 1790 1799
1824 1826 1835
1842 1844 1853
1878 1880 1889
2184 2186 2195
2306 2308 2319
2270 2272 2283
1892 1894 1905
2093 2095 2103
2039 2041 2046
1946 1948 1957
2058 2060 2069
2076 2078 2087
2130 2132 2141
1968 1970 1979
1982 1984 1993
2216 2218 2229
2287 2289 2296
2179 2181 2188
1873 1875 1882
1895 1897 1902
2273 2275 2280
2309 2311 2316
2165 2167 2172
2144 2146 2157
2000 2002 2011
2198 2200 2209
1913 1915 1923
2125 2127 2134
1963 1965 1972
1985 1987 1995
2219 2221 2226
2292 2294 2303
2162 2164 2175
2147 2149 2154
2003 2005 2013
2201 2203 2211
1910 1912 1921
1863 1870 1865
1809 1816 1811
1794 1800 1796
1830 1836 1832
1848 1854 1850
1886 1890 1888
2192 2196 2194
2318 2320 2322
2282 2284 2286
1904 1906 1908
2097 2104 2099
2043 2047 2045
1956 1958 1962
2066 2070 2068
2082 2088 2084
2138 2142 2140
1974 1980 1976
1992 1994 1998
2228 2230 2232
2295 2297 2299
2331 2329 2330
2327 2323 2324
2328 2326 2325
2334 2333 2332
2337 2336 2335
2346 2345 2344
2412 2409 2410
2499 2496 2497
2487 2485 2486
2436 2435 2434
2376 2374 2375
2372 2368 2369
2373 2371 2370
2379 2378 2377
2382 2381 2380
2396 2392 2393
2361 2360 2359
2418 2416 2415
2457 2456 2455
2463 2460 2461
2492 2488 2489
2402 2398 2399
2343 2340 2341
2433 2430 2431
2478 2475 2476
2406 2404 2405
2502 2501 2500
2484 2482 2481
2442 2440 2439
2349 2347 2348
2468 2464 2465
2387 2384 2383
2358 2355 2356
2421 2419 2420
2454 2451 2452
2472 2470 2471
2388 2385 2386
2364 2362 2363
2426 2423 2422
2448 2446 2445
2403 2401 2400
2342 2339 2338
2432 2429 2428
2477 2474 2473
2493 2491 2490
2462 2459 2458
2397 2395 2394
2367 2365 2366
2427 2424 2425
2447 2443 2444
2391 2390 2389
2357 2354 2353
2417 2413 2414
2453 2450 2449
2469 2467 2466
2411 2408 2407
2498 2495 2494
2483 2479 2480
2441 2437 2438
2352 2350 2351
2509 2511 2510
2503 2505 2504
2506 2507 2508
2512 2513 2514
2515 2516 2517
2518 2519 2520
2555 2556 2554
2541 2540 2539
2562 2561 2560
2522 2521 2523
2542 2544 2543
2528 2529 2527
2531 2530 2532
2545 2546 2547
2548 2549 2550
2551 2553 2552
2533 2534 2535
2537 2536 2538
2559 2557 2558
2526 2525 2524