-0.037411 0.447269 0.121909
0.037687 0.447087 0.121979
-0.037838 0.281700 0.042556
0.037051 0.281814 0.043312
0.000074 0.353657 0.258966
0.001767 0.475958 0.349168
-0.000003 0.076847 -0.267555
0.000796 0.386913 -0.057281
0.059232 0.311319 -0.006234
0.101603 0.332430 0.221534
-0.059041 0.310588 -0.007661
-0.100483 0.333208 0.221921
0.000428 0.471999 0.115601
-0.035000 0.473769 0.240717
-0.011081 0.452173 0.009803
-0.060961 0.389975 0.065447
-0.066706 0.394772 0.195189
0.036533 0.472311 0.240120
0.011782 0.450190 0.012197
0.061033 0.390370 0.066156
0.066865 0.393735 0.194526
-0.000398 0.258193 0.009636
-0.040029 0.330511 0.179316
-0.013170 0.168009 -0.162297
-0.049490 0.274483 0.003411
-0.099415 0.305735 0.179324
0.039330 0.331087 0.179787
0.012972 0.167171 -0.163033
0.049315 0.274786 0.004702
0.100838 0.304567 0.179070
0.000641 0.381213 0.361601
0.060444 0.351608 0.251111
-0.059804 0.351291 0.252378
0.056996 0.408345 0.287107
-0.056216 0.410448 0.290916
0.000954 0.267823 -0.171153
0.028932 0.208734 -0.159111
-0.029035 0.210422 -0.158372
0.033731 0.345012 -0.066715
-0.032726 0.346157 -0.066725
0.070541 0.335215 0.151286
-0.068830 0.336427 0.150451
-0.018013 0.464186 0.117022
-0.039377 0.459078 0.173225
-0.020259 0.451126 0.067468
-0.048436 0.425100 0.096163
-0.059039 0.430304 0.157948
0.018748 0.463562 0.117202
0.040137 0.458182 0.173138
0.020778 0.450132 0.068377
0.048604 0.425127 0.096538
0.059257 0.429714 0.158565
-0.021935 0.266500 0.019835
-0.043003 0.310319 0.112707
-0.024674 0.235858 -0.051850
-0.042982 0.274059 0.018876
-0.054575 0.312060 0.113147
0.020708 0.266340 0.020351
0.042877 0.311106 0.114694
0.023454 0.235273 -0.052022
0.042032 0.274080 0.020084
0.054564 0.312782 0.114763
-0.020350 0.341539 0.226172
0.019100 0.341440 0.225926
-0.000166 0.369484 0.295406
0.028548 0.356545 0.260577
-0.028622 0.356381 0.261076
-0.021581 0.483623 0.305437
0.024211 0.482330 0.303547
0.001351 0.439606 0.391916
0.042545 0.452037 0.338145
-0.039998 0.454487 0.341925
-0.024773 0.083797 -0.246698
0.025814 0.084059 -0.246669
0.001297 0.171295 -0.225466
0.029332 0.126957 -0.233297
-0.029197 0.126735 -0.232803
-0.002697 0.427509 -0.027124
0.004244 0.427042 -0.025723
0.000762 0.339282 -0.105319
0.012112 0.369144 -0.066201
-0.010882 0.369951 -0.066500
0.062815 0.347828 0.030367
0.055838 0.288583 -0.002997
0.049319 0.270842 -0.075740
0.052481 0.322478 -0.044134
0.065834 0.326373 0.064824
0.077069 0.356803 0.216576
0.132577 0.300878 0.205621
0.091366 0.337163 0.236739
0.072895 0.367224 0.244875
0.099200 0.324575 0.198167
-0.062689 0.347909 0.029031
-0.055712 0.287740 -0.004303
-0.049064 0.270229 -0.077454
-0.052376 0.322467 -0.045139
-0.066006 0.326167 0.063031
-0.076364 0.357950 0.217601
-0.133752 0.299999 0.204161
-0.089284 0.338302 0.237340
-0.071129 0.368451 0.246347
-0.099078 0.324299 0.197145
-0.012810 0.477535 0.179621
-0.004206 0.474558 0.052042
0.014386 0.477039 0.179844
0.004885 0.474292 0.051482
-0.059166 0.438199 0.220726
0.001192 0.488770 0.247570
-0.053921 0.449066 0.282432
-0.031184 0.418528 0.034093
0.001764 0.491091 -0.018175
-0.017766 0.401265 -0.018964
-0.067459 0.393361 0.134896
-0.046107 0.374749 -0.003460
-0.069146 0.358071 0.106972
-0.063206 0.402102 0.243974
-0.067314 0.355124 0.177429
0.059692 0.436459 0.219409
0.055073 0.446170 0.278485
0.031131 0.418817 0.034805
0.018074 0.401144 -0.018545
0.067355 0.392877 0.135633
0.046457 0.374327 -0.002726
0.068763 0.358126 0.107767
0.063858 0.400413 0.241425
0.068984 0.354325 0.179105
-0.016560 0.297432 0.103577
-0.006497 0.209709 -0.090729
0.014975 0.297473 0.104278
0.006351 0.209868 -0.090224
-0.071851 0.327082 0.186370
-0.000976 0.322668 0.176760
-0.058741 0.340726 0.224505
-0.031752 0.222011 -0.089839
-0.000079 0.145068 -0.181852
-0.022834 0.161802 -0.182570
-0.062720 0.310540 0.100772
-0.039715 0.232313 -0.093233
-0.064278 0.316572 0.090365
-0.098858 0.316943 0.220141
-0.104541 0.309066 0.171890
0.072246 0.328330 0.187572
0.059323 0.340822 0.224453
0.030773 0.221797 -0.088477
0.023418 0.161836 -0.183276
0.062588 0.310890 0.103250
0.039848 0.232684 -0.093649
0.065030 0.317193 0.093107
0.099056 0.316663 0.219289
0.104085 0.309647 0.172613
0.030965 0.374560 0.298531
-0.030357 0.374980 0.299941
0.040211 0.404978 0.339820
-0.038815 0.405023 0.342397
0.056454 0.375200 0.273400
-0.055752 0.376321 0.275765
0.016080 0.226064 -0.182836
-0.016512 0.227023 -0.181541
0.018468 0.307732 -0.125035
-0.017213 0.308903 -0.125539
0.036480 0.279496 -0.116128
-0.036184 0.279719 -0.116962
-0.028474 0.455583 0.119472
-0.038795 0.452419 0.143983
-0.030041 0.448172 0.098293
-0.042116 0.438164 0.110282
-0.047496 0.441132 0.137801
0.028984 0.455073 0.119649
0.039235 0.451968 0.143931
0.030269 0.447834 0.098653
0.042240 0.438275 0.110467
0.047707 0.441046 0.137852
-0.031212 0.274643 0.031313
-0.040359 0.295394 0.074195
-0.031901 0.262734 0.002581
-0.040124 0.277727 0.031003
-0.045348 0.296683 0.073948
0.030052 0.274555 0.031964
0.039665 0.295482 0.075310
0.030807 0.262590 0.002981
0.039308 0.277797 0.031881
0.045040 0.296922 0.075160
-0.008894 0.347774 0.245578
0.008259 0.347776 0.245551
0.000129 0.360859 0.274344
0.013050 0.355465 0.261669
-0.012957 0.355385 0.261424
-0.009913 0.482138 0.331769
0.013276 0.481580 0.330398
0.001279 0.463936 0.368840
0.021777 0.469135 0.349955
-0.018854 0.469861 0.351590
-0.020558 0.046600 -0.280162
0.019487 0.043178 -0.280539
0.000446 0.119751 -0.247066
0.026366 0.091858 -0.258423
-0.025507 0.091883 -0.258309
-0.001022 0.404068 -0.042729
0.002675 0.404023 -0.042351
0.000735 0.366222 -0.077011
0.005170 0.379726 -0.062056
-0.003722 0.380057 -0.062258
0.061251 0.327622 0.010788
0.058396 0.300053 -0.005170
0.055663 0.295097 -0.036542
0.056876 0.315095 -0.024331
0.062689 0.318471 0.024472
0.089575 0.343533 0.219761
0.117328 0.317183 0.216358
0.100881 0.332332 0.228764
0.087441 0.348085 0.231239
0.105307 0.326478 0.211050
-0.061076 0.327335 0.009446
-0.058277 0.299075 -0.006550
-0.055355 0.294193 -0.037924
-0.056681 0.314527 -0.025817
-0.062588 0.317875 0.022947
-0.088765 0.344274 0.220584
-0.116116 0.317856 0.215658
-0.098775 0.333763 0.228912
-0.085982 0.349148 0.232088
-0.105135 0.326523 0.211122
-0.008444 0.470027 0.115872
0.009270 0.469707 0.115838
-0.004980 0.474202 0.147690
-0.002860 0.472098 0.083563
0.006249 0.473978 0.147742
0.003334 0.472006 0.083215
-0.037977 0.466496 0.206106
-0.029669 0.479932 0.274237
-0.022781 0.478151 0.210927
-0.049133 0.457473 0.231817
-0.017552 0.484859 0.245640
-0.046083 0.463872 0.265620
-0.014420 0.452985 0.037569
-0.007230 0.444839 -0.013348
-0.008348 0.469829 0.026558
-0.018469 0.434114 0.021750
-0.007292 0.478161 -0.007440
-0.013057 0.427262 -0.002583
-0.055453 0.409029 0.081265
-0.063015 0.369515 0.047849
-0.047116 0.404318 0.048436
-0.065686 0.392745 0.101048
-0.053629 0.384172 0.030126
-0.066941 0.373623 0.085412
-0.065454 0.413664 0.178020
-0.068505 0.374826 0.210058
-0.064360 0.416655 0.207721
-0.067564 0.393575 0.166541
-0.065332 0.397755 0.220539
-0.067707 0.373689 0.185903
0.039086 0.465219 0.205870
0.032093 0.478079 0.273245
0.024595 0.477309 0.211271
0.019632 0.484016 0.245790
0.050336 0.455896 0.231027
0.047769 0.461494 0.263274
0.014727 0.451967 0.038646
0.008270 0.442292 -0.010208
0.009216 0.468861 0.027986
0.008279 0.472060 -0.001341
0.018203 0.434188 0.022628
0.013089 0.427160 -0.001558
0.055579 0.408908 0.081870
0.063084 0.369452 0.049207
0.047166 0.404547 0.049203
0.065623 0.392522 0.101160
0.053835 0.384633 0.031249
0.066909 0.373697 0.086420
0.065763 0.412734 0.178315
0.069035 0.373474 0.208831
0.064611 0.415213 0.206149
0.067636 0.392694 0.167401
0.065844 0.396473 0.218632
0.067883 0.372004 0.186895
-0.011451 0.260469 0.012050
0.010393 0.260421 0.012348
-0.007235 0.278879 0.057901
-0.004443 0.234915 -0.040321
0.005945 0.278902 0.058116
0.004275 0.234850 -0.040569
-0.043273 0.322022 0.148923
-0.031314 0.335954 0.203940
-0.027934 0.315152 0.144634
-0.055857 0.333075 0.182842
-0.021421 0.325143 0.177732
-0.051594 0.338633 0.205593
-0.017258 0.203552 -0.110195
-0.014596 0.129028 -0.206263
-0.007844 0.185846 -0.132283
-0.021883 0.193958 -0.131654
-0.005705 0.150288 -0.177756
-0.019160 0.159356 -0.179155
-0.046255 0.272715 0.009522
-0.052560 0.279478 -0.000931
-0.040857 0.249395 -0.042435
-0.055361 0.294324 0.052985
-0.044636 0.253522 -0.046125
-0.057503 0.297159 0.047650
-0.071284 0.317840 0.154094
-0.130420 0.288831 0.189366
-0.086557 0.315759 0.184822
-0.077789 0.314439 0.147236
-0.106986 0.305053 0.200899
-0.107330 0.303037 0.170553
0.042995 0.323070 0.150970
0.030419 0.335914 0.203444
0.026770 0.315226 0.146262
0.019578 0.324817 0.177267
0.055845 0.334890 0.183681
0.051461 0.339183 0.205217
0.016666 0.202844 -0.110792
0.014753 0.128738 -0.206765
0.007946 0.185440 -0.132733
0.005826 0.149854 -0.178325
0.021845 0.193585 -0.132036
0.019234 0.159256 -0.179375
0.045578 0.272810 0.010991
0.052656 0.280015 0.000318
0.040276 0.249381 -0.041312
0.055290 0.294621 0.054907
0.044565 0.253773 -0.045570
0.057820 0.297854 0.049551
0.072872 0.317381 0.154549
0.133273 0.287975 0.189550
0.087409 0.315784 0.186115
0.078033 0.314335 0.147513
0.108555 0.304037 0.201324
0.108661 0.302425 0.171584
0.000056 0.376102 0.321434
-0.001292 0.402573 0.430819
0.018078 0.379853 0.329578
-0.017368 0.379914 0.330258
0.024374 0.391783 0.365684
-0.023653 0.391782 0.367211
0.044589 0.356108 0.257022
0.076703 0.344306 0.244306
0.060990 0.344257 0.238514
0.079384 0.334938 0.234301
0.044230 0.365310 0.272194
0.058075 0.362038 0.262563
-0.044286 0.355459 0.257948
-0.075460 0.344888 0.245375
-0.060534 0.343881 0.239199
-0.078732 0.335033 0.235200
-0.043618 0.365106 0.273704
-0.057521 0.362562 0.264423
0.053316 0.430142 0.314344
0.062612 0.387555 0.263348
0.057422 0.427567 0.285696
0.061174 0.404896 0.263785
0.050633 0.409189 0.312415
0.056254 0.390661 0.282564
-0.052327 0.433346 0.319172
-0.061361 0.389171 0.266072
-0.057012 0.430519 0.290536
-0.060410 0.406936 0.267108
-0.049576 0.410504 0.316223
-0.055356 0.392017 0.285656
0.001267 0.221746 -0.200346
0.000726 0.307133 -0.138454
0.008777 0.245813 -0.182232
-0.007664 0.246641 -0.182377
0.009475 0.288162 -0.151034
-0.008263 0.289075 -0.151563
0.023304 0.172100 -0.198660
0.039553 0.241625 -0.117519
0.024836 0.178692 -0.178306
0.033796 0.215834 -0.132399
0.024102 0.212739 -0.173484
0.033408 0.243227 -0.137772
-0.023096 0.172629 -0.198321
-0.039323 0.242099 -0.118562
-0.024636 0.178546 -0.177502
-0.033710 0.215823 -0.132498
-0.023803 0.214035 -0.173855
-0.032994 0.244572 -0.138582
0.021851 0.357139 -0.068215
0.044982 0.333098 -0.059261
0.026614 0.373233 -0.040808
0.039901 0.361049 -0.035234
0.026684 0.326841 -0.096757
0.037358 0.313831 -0.093032
-0.020510 0.358461 -0.068638
-0.044775 0.333682 -0.059472
-0.026053 0.373726 -0.040953
-0.039480 0.361884 -0.035467
-0.025296 0.328256 -0.097084
-0.036849 0.314461 -0.093036
0.067087 0.333281 0.108379
0.085019 0.327366 0.183265
0.068304 0.345141 0.129128
0.070420 0.342505 0.167781
0.068857 0.329460 0.127927
0.084585 0.323762 0.169959
-0.066886 0.333237 0.106387
-0.083508 0.328236 0.181561
-0.067821 0.345434 0.127742
-0.068283 0.343536 0.166169
-0.067934 0.330323 0.125669
-0.083589 0.324475 0.167909
-0.028016 0.462342 0.146264
-0.018265 0.459128 0.089581
-0.016474 0.470023 0.147215
-0.009227 0.467787 0.084516
-0.050146 0.445778 0.166850
-0.026436 0.470436 0.177245
-0.050461 0.451348 0.198671
-0.034013 0.437306 0.080913
-0.011378 0.463605 0.058393
-0.024780 0.437043 0.050023
-0.055121 0.427544 0.127113
-0.040049 0.422188 0.064921
-0.061749 0.410909 0.114564
-0.059842 0.433952 0.189248
-0.064900 0.411929 0.146933
0.028875 0.461683 0.146336
0.019022 0.457990 0.090232
0.017616 0.469454 0.147346
0.009694 0.467209 0.084474
0.050706 0.444878 0.166816
0.027805 0.469366 0.177425
0.051344 0.449934 0.198277
0.034004 0.437290 0.081364
0.012073 0.462478 0.058793
0.025174 0.436822 0.050943
0.055183 0.427524 0.127551
0.040099 0.422352 0.065568
0.061827 0.411082 0.115043
0.060706 0.432281 0.188894
0.065037 0.411780 0.148087
-0.031462 0.289159 0.067798
-0.023092 0.250121 -0.018661
-0.019957 0.282636 0.061410
-0.013783 0.240259 -0.033314
-0.050260 0.312963 0.115335
-0.030691 0.302979 0.107055
-0.053850 0.324842 0.152885
-0.034093 0.254508 -0.018774
-0.015141 0.219934 -0.077082
-0.027551 0.226023 -0.075657
-0.048584 0.294849 0.067357
-0.037230 0.249787 -0.033928
-0.052034 0.293399 0.059353
-0.062916 0.322395 0.154535
-0.057881 0.310270 0.107534
0.030359 0.289184 0.068873
0.021797 0.249841 -0.018481
0.018746 0.282676 0.062074
0.012693 0.240041 -0.033448
0.050751 0.313901 0.117058
0.029836 0.303311 0.108552
0.054415 0.326675 0.155117
0.032979 0.254253 -0.018108
0.014032 0.219607 -0.077000
0.026624 0.225531 -0.075349
0.047951 0.294997 0.068751
0.036226 0.249646 -0.032607
0.051296 0.293477 0.061165
0.063383 0.324343 0.157619
0.057735 0.310703 0.109226
-0.000886 0.340339 0.227094
-0.026414 0.349091 0.244624
-0.011414 0.333088 0.204211
-0.040138 0.343488 0.225871
0.025463 0.348963 0.243958
0.009467 0.332949 0.203480
0.039123 0.343216 0.224862
0.014548 0.363768 0.279599
-0.014528 0.363834 0.279906
0.015474 0.372242 0.301880
-0.015600 0.372423 0.302225
0.043736 0.349114 0.241999
0.029699 0.365141 0.278437
-0.043749 0.348790 0.242604
-0.029472 0.365075 0.279242
0.001559 0.489230 0.308042
-0.031834 0.471665 0.326251
-0.009858 0.489777 0.279144
-0.040630 0.468788 0.296614
0.034941 0.469716 0.322699
0.012326 0.489041 0.278955
0.043081 0.466037 0.293235
0.026594 0.449796 0.367697
-0.023830 0.450714 0.370556
0.026886 0.420473 0.378758
-0.025190 0.420516 0.380292
0.050560 0.450006 0.307000
0.044499 0.429051 0.345134
-0.048834 0.453429 0.312001
-0.042375 0.430384 0.349320
-0.000158 0.074001 -0.250476
-0.102766 0.035071 -0.271083
-0.006267 0.112762 -0.216244
-0.028262 0.118402 -0.223498
0.104072 0.031976 -0.272763
0.005853 0.112343 -0.216325
0.029383 0.118646 -0.224303
0.013106 0.146398 -0.231511
-0.012395 0.146737 -0.231608
0.008785 0.197822 -0.208654
-0.007304 0.198452 -0.209621
0.029895 0.128500 -0.224688
0.017784 0.178792 -0.206121
-0.028809 0.128770 -0.224274
-0.017595 0.179787 -0.206023
0.000877 0.429684 -0.029170
-0.006333 0.397749 -0.042566
-0.001535 0.463314 -0.028997
-0.008584 0.415234 -0.022446
0.007513 0.397191 -0.042231
0.004764 0.458628 -0.022523
0.009229 0.414642 -0.021877
0.007230 0.353731 -0.087612
-0.005820 0.354362 -0.087688
0.008932 0.323818 -0.118472
-0.007324 0.324787 -0.118641
0.014912 0.385912 -0.042559
0.016141 0.340473 -0.094429
-0.014525 0.386275 -0.042968
-0.014431 0.342001 -0.094842
0.057944 0.337416 -0.007160
0.065912 0.335882 0.048802
0.057507 0.361173 0.011895
0.067197 0.354703 0.069308
0.053374 0.277159 -0.043239
0.061355 0.309281 0.033899
0.049160 0.262965 -0.045987
0.059410 0.302324 0.042295
0.051436 0.296050 -0.061318
0.045205 0.248838 -0.086889
0.043464 0.271281 -0.100062
0.051557 0.349048 -0.024199
0.045589 0.302908 -0.080983
0.068402 0.342043 0.089303
0.064408 0.320031 0.079037
0.076542 0.362178 0.230866
0.087743 0.339004 0.207667
0.068785 0.377656 0.227330
0.073528 0.352693 0.202050
0.114105 0.316682 0.222433
0.123150 0.310605 0.201434
0.121841 0.304117 0.213755
0.136064 0.293247 0.182243
0.081634 0.352223 0.241944
0.099910 0.323810 0.229438
0.071316 0.357001 0.252253
0.066401 0.382657 0.245311
0.066123 0.371781 0.258706
0.080280 0.337104 0.194078
0.106921 0.314327 0.185751
-0.057572 0.337487 -0.008099
-0.065746 0.336127 0.046991
-0.057163 0.361409 0.011023
-0.067090 0.354622 0.067658
-0.053057 0.276130 -0.044277
-0.061389 0.308409 0.032386
-0.048978 0.262320 -0.046714
-0.059128 0.301525 0.040548
-0.051314 0.295787 -0.063150
-0.044959 0.248087 -0.087453
-0.043104 0.272028 -0.100894
-0.051170 0.349762 -0.024848
-0.045518 0.302809 -0.081699
-0.068521 0.342341 0.087628
-0.064160 0.319309 0.077132
-0.075331 0.363160 0.232176
-0.087234 0.339074 0.207604
-0.067915 0.378917 0.229208
-0.072736 0.354008 0.201578
-0.111704 0.317765 0.222261
-0.124745 0.308891 0.199329
-0.119392 0.304885 0.213360
-0.140925 0.287228 0.179696
-0.079949 0.353451 0.243015
-0.097246 0.324875 0.229781
-0.070214 0.358096 0.253875
-0.065058 0.383965 0.247551
-0.064737 0.373212 0.260716
-0.078621 0.338015 0.192984
-0.108808 0.312338 0.183888
0.000719 0.479876 0.180470
-0.007107 0.484190 0.213611
0.000623 0.477027 0.050950
-0.000874 0.484913 0.017484
0.008820 0.484031 0.213968
0.003715 0.483493 0.019138
-0.057310 0.443379 0.251730
-0.062474 0.420793 0.235356
-0.060236 0.425881 0.262897
-0.023101 0.412301 0.005564
-0.038729 0.397262 0.016750
-0.031747 0.387094 -0.012822
-0.068519 0.375183 0.122007
-0.067960 0.374829 0.155332
-0.067992 0.358553 0.143254
0.058055 0.441267 0.249452
0.062802 0.418928 0.233133
0.060665 0.423417 0.259360
0.023675 0.412192 0.006683
0.038935 0.397488 0.017542
0.031747 0.387342 -0.012625
0.068142 0.374806 0.122244
0.068142 0.373775 0.156590
0.068356 0.358042 0.144311
-0.000856 0.295396 0.102487
-0.010432 0.310610 0.143331
0.000273 0.206866 -0.093840
-0.001828 0.178056 -0.140286
0.008467 0.310510 0.143983
0.002193 0.177916 -0.140520
-0.069306 0.332623 0.205824
-0.087943 0.319559 0.205149
-0.076867 0.330941 0.222324
-0.025704 0.192991 -0.138940
-0.035553 0.224142 -0.094479
-0.028924 0.198729 -0.140139
-0.065087 0.313949 0.098016
-0.079975 0.315816 0.143611
-0.074881 0.324659 0.140439
0.069686 0.333187 0.206388
0.088323 0.319704 0.205575
0.077086 0.331098 0.222034
0.025944 0.192772 -0.139556
0.035280 0.224013 -0.094418
0.029213 0.198812 -0.140987
0.065862 0.314829 0.100653
0.080477 0.315627 0.145540
0.076982 0.323421 0.144852
0.034389 0.386330 0.320956
0.044622 0.376410 0.287847
-0.033502 0.386608 0.322828
-0.043916 0.377081 0.290038
0.047018 0.390617 0.302743
-0.046113 0.391399 0.305447
0.018179 0.269305 -0.154646
0.026380 0.253616 -0.149151
-0.017664 0.270300 -0.154853
-0.026020 0.254501 -0.149637
0.028246 0.292176 -0.124111
-0.027478 0.292912 -0.124862
-0.033441 0.451100 0.120789
-0.038070 0.449541 0.131555
-0.034214 0.447536 0.111595
-0.039458 0.443408 0.116728
-0.041865 0.444748 0.128925
0.033807 0.450716 0.120935
0.038428 0.449226 0.131546
0.034469 0.447299 0.111768
0.039642 0.443408 0.116792
0.042074 0.444673 0.128894
-0.035023 0.278600 0.037422
-0.038910 0.287814 0.056512
-0.035178 0.273539 0.025187
-0.038866 0.279863 0.037279
-0.041185 0.288474 0.056403
0.034062 0.278634 0.038089
0.038180 0.287926 0.057408
0.034235 0.273579 0.025762
0.038115 0.279995 0.038062
0.040611 0.288656 0.057374
-0.003728 0.351050 0.253441
0.003664 0.351034 0.253417
0.000158 0.356934 0.265965
0.005953 0.354654 0.260991
-0.005706 0.354625 0.260852
-0.003673 0.479278 0.341762
0.007136 0.479083 0.341318
0.001753 0.471262 0.358183
0.010651 0.473904 0.350872
-0.007358 0.474217 0.351506
-0.008970 0.061517 -0.275602
0.008385 0.061131 -0.275641
0.000246 0.095976 -0.257970
0.012524 0.082707 -0.264272
-0.012208 0.082903 -0.264270
-0.000174 0.394378 -0.050780
0.001794 0.394311 -0.050662
0.000775 0.377834 -0.065700
0.002620 0.383896 -0.059575
-0.001088 0.384057 -0.059688
0.060212 0.318589 0.001435
0.059027 0.306148 -0.005826
0.057718 0.304530 -0.019412
0.058351 0.312779 -0.014484
0.060746 0.314541 0.007127
0.096266 0.337338 0.220741
0.109120 0.325128 0.219379
0.102515 0.331681 0.224901
0.095214 0.339274 0.225755
0.104419 0.329000 0.216928
-0.059993 0.318036 0.000044
-0.058895 0.305301 -0.007258
-0.057504 0.303646 -0.020829
-0.058084 0.312077 -0.015890
-0.060619 0.313883 0.005682
-0.095302 0.338105 0.221431
-0.107992 0.325792 0.219389
-0.100923 0.332741 0.225074
-0.093917 0.340202 0.226358
-0.103856 0.329354 0.217279
-0.003963 0.471529 0.115685
0.004821 0.471391 0.115636
-0.001967 0.472829 0.131686
-0.001532 0.471793 0.099561
0.003044 0.472753 0.131679
0.002212 0.471726 0.099467
-0.036652 0.470117 0.223255
-0.032662 0.477101 0.257828
-0.028753 0.476521 0.226123
-0.042560 0.466129 0.236719
-0.026539 0.480037 0.243614
-0.040806 0.469584 0.253951
-0.012367 0.453765 0.022926
-0.009407 0.449618 -0.002708
-0.009981 0.462504 0.017166
-0.014090 0.442809 0.015879
-0.008946 0.463421 0.002380
-0.012058 0.439894 0.003614
-0.058612 0.399766 0.073481
-0.062362 0.379975 0.056888
-0.054783 0.397557 0.056440
-0.063782 0.391678 0.083272
-0.057560 0.387463 0.047703
-0.064819 0.381917 0.075267
-0.066404 0.404338 0.187014
-0.067209 0.384835 0.203054
-0.065724 0.405653 0.201155
-0.067170 0.393992 0.181259
-0.066087 0.396051 0.208231
-0.067398 0.384112 0.190150
0.037979 0.469060 0.223125
0.034607 0.475287 0.256868
0.030252 0.475765 0.226297
0.028323 0.478908 0.243437
0.043997 0.464615 0.236058
0.042533 0.467528 0.252628
0.013294 0.451295 0.025266
0.010126 0.447403 0.000158
0.010767 0.460560 0.019511
0.009651 0.461301 0.005294
0.014529 0.441639 0.017583
0.012407 0.438805 0.005411
0.058610 0.399936 0.074185
0.062490 0.380204 0.057903
0.054837 0.397945 0.057170
0.063696 0.391795 0.083740
0.057714 0.387996 0.048542
0.064827 0.382123 0.076043
0.066478 0.403448 0.186681
0.067617 0.383678 0.202071
0.065820 0.404538 0.199921
0.067235 0.393016 0.181433
0.066449 0.394912 0.206844
0.067600 0.382848 0.190121
-0.005933 0.258771 0.010260
0.005051 0.258762 0.010277
-0.003538 0.268849 0.034096
-0.002698 0.246825 -0.015153
0.002496 0.268867 0.034140
0.002228 0.246801 -0.015233
-0.042294 0.326767 0.164963
-0.036333 0.333523 0.192367
-0.034646 0.323881 0.163556
-0.048330 0.332648 0.180956
-0.030791 0.327526 0.177945
-0.045938 0.335706 0.193519
-0.014616 0.185956 -0.137799
-0.012900 0.148934 -0.185049
-0.010136 0.176008 -0.148728
-0.017311 0.180360 -0.148848
-0.009122 0.157472 -0.171952
-0.016235 0.162250 -0.172603
-0.047900 0.273202 0.006153
-0.051027 0.276579 0.001106
-0.045230 0.262244 -0.019215
-0.052264 0.284614 0.028293
-0.046973 0.264108 -0.021435
-0.053590 0.286132 0.025636
-0.087112 0.312420 0.172728
-0.114244 0.296939 0.185040
-0.093488 0.310229 0.183100
-0.090449 0.310008 0.168502
-0.105606 0.303248 0.190459
-0.104391 0.302805 0.173979
0.041744 0.327655 0.166365
0.035448 0.333499 0.191846
0.033057 0.323779 0.164166
0.029429 0.327432 0.177881
0.048412 0.334325 0.182060
0.045904 0.336543 0.193514
0.014164 0.185284 -0.138148
0.012897 0.148353 -0.185565
0.010006 0.175135 -0.149658
0.009292 0.156834 -0.172722
0.017070 0.179731 -0.149272
0.016204 0.161765 -0.173045
0.047480 0.273380 0.007524
0.051014 0.277006 0.002342
0.044837 0.262387 -0.018157
0.052136 0.284908 0.029921
0.046819 0.264370 -0.020510
0.053669 0.286585 0.027227
0.088064 0.311784 0.172086
0.116895 0.295268 0.184959
0.094723 0.309510 0.183781
0.090706 0.309612 0.165406
0.106840 0.302379 0.190224
0.106194 0.301753 0.173988
0.000356 0.378626 0.338961
-0.000174 0.386469 0.391084
0.010694 0.380499 0.346720
-0.009526 0.380426 0.346759
0.013468 0.385070 0.369397
-0.012106 0.384557 0.370016
0.052459 0.354452 0.254165
0.068590 0.348079 0.247844
0.061026 0.347439 0.245010
0.069655 0.343533 0.242377
0.051825 0.359043 0.260850
0.059313 0.356526 0.256910
-0.052009 0.353735 0.255427
-0.067693 0.348250 0.249000
-0.060482 0.347014 0.246001
-0.068946 0.343476 0.243381
-0.051265 0.358591 0.262372
-0.058592 0.356522 0.258369
0.055116 0.419035 0.300497
0.059507 0.397894 0.274704
0.057281 0.417864 0.287112
0.059316 0.406852 0.275228
0.054158 0.409190 0.299479
0.056633 0.399211 0.285583
-0.054404 0.421557 0.304855
-0.058528 0.399713 0.277967
-0.056740 0.420402 0.291400
-0.058557 0.409007 0.278844
-0.053271 0.411047 0.303360
-0.055695 0.400906 0.288987
0.001082 0.245483 -0.186195
0.000641 0.288441 -0.155120
0.005181 0.256643 -0.177682
-0.003256 0.257329 -0.177995
0.005053 0.278157 -0.162185
-0.003682 0.278642 -0.162366
0.025111 0.191035 -0.179506
0.034067 0.225998 -0.137943
0.026490 0.192747 -0.169451
0.031236 0.211200 -0.147117
0.026777 0.209295 -0.167622
0.031373 0.226106 -0.147918
-0.025045 0.192229 -0.178984
-0.033907 0.226781 -0.138710
-0.026526 0.193493 -0.168863
-0.031179 0.211698 -0.147240
-0.026579 0.211191 -0.167466
-0.031130 0.227391 -0.148529
0.027666 0.351059 -0.068003
0.039591 0.339080 -0.064069
0.030378 0.359335 -0.053430
0.036762 0.353380 -0.051147
0.030469 0.336073 -0.081951
0.036088 0.329901 -0.080328
-0.026430 0.352223 -0.068176
-0.039156 0.339842 -0.063839
-0.029615 0.360108 -0.053439
-0.036193 0.354283 -0.051102
-0.029100 0.337448 -0.082075
-0.035323 0.330819 -0.080075
0.068071 0.335347 0.130427
0.076401 0.331690 0.169921
0.068492 0.339844 0.140479
0.070750 0.338487 0.160349
0.069854 0.332484 0.140725
0.075539 0.330135 0.161005
-0.067151 0.335676 0.128945
-0.074307 0.333199 0.168486
-0.067280 0.340489 0.139394
-0.068703 0.339705 0.158982
-0.068579 0.333538 0.139267
-0.073999 0.331409 0.160134
-0.023213 0.460099 0.118152
-0.013085 0.467549 0.116256
-0.022871 0.463183 0.132053
-0.018224 0.461695 0.102896
-0.017474 0.466908 0.131832
-0.013243 0.465668 0.101001
-0.039308 0.455658 0.158010
-0.038961 0.462767 0.189359
-0.033583 0.461279 0.159902
-0.045006 0.452662 0.170364
-0.033054 0.465170 0.175484
-0.045049 0.455822 0.186158
-0.025280 0.449369 0.083371
-0.016785 0.452280 0.052286
-0.018530 0.456127 0.077379
-0.027152 0.443825 0.074172
-0.014808 0.458103 0.061859
-0.022601 0.444505 0.058658
-0.045123 0.432088 0.103366
-0.051966 0.417296 0.088805
-0.041151 0.431089 0.088241
-0.052068 0.426324 0.111694
-0.044368 0.423648 0.080582
-0.055609 0.418505 0.104922
-0.053493 0.436451 0.147639
-0.063136 0.422519 0.168175
-0.054856 0.438413 0.162713
-0.057471 0.428807 0.142520
-0.059739 0.431987 0.173428
-0.062377 0.421350 0.152599
0.023857 0.459472 0.118359
0.013880 0.467042 0.116340
0.023674 0.462564 0.132179
0.018791 0.460921 0.103187
0.018389 0.466336 0.131955
0.013980 0.464991 0.101256
0.039844 0.454942 0.157952
0.039858 0.461585 0.189147
0.034413 0.460429 0.159936
0.045621 0.451789 0.170202
0.034151 0.464113 0.175501
0.045832 0.454723 0.185956
0.025514 0.448818 0.083929
0.017218 0.451357 0.053291
0.019755 0.454512 0.078771
0.026832 0.443883 0.074502
0.015949 0.456367 0.063228
0.022690 0.444212 0.059303
0.045283 0.432101 0.103661
0.052142 0.417404 0.089304
0.041272 0.431075 0.088701
0.052243 0.426381 0.112061
0.044511 0.423791 0.081098
0.055807 0.418702 0.105350
0.053662 0.436064 0.147936
0.063492 0.421743 0.168848
0.055229 0.437505 0.162868
0.057535 0.428635 0.143112
0.060256 0.430776 0.173666
0.062660 0.420968 0.153691
-0.026793 0.270472 0.025276
-0.016776 0.263076 0.015353
-0.026464 0.278115 0.044407
-0.022521 0.258168 0.000105
-0.021116 0.274673 0.040414
-0.017711 0.253896 -0.006008
-0.041890 0.303144 0.093295
-0.043304 0.316455 0.131329
-0.036991 0.299949 0.090480
-0.047217 0.312354 0.114740
-0.037166 0.306667 0.109801
-0.048307 0.318628 0.133482
-0.028370 0.250140 -0.023266
-0.020851 0.220145 -0.081495
-0.023775 0.242627 -0.036019
-0.029472 0.245014 -0.035997
-0.019809 0.227414 -0.065646
-0.025939 0.230261 -0.065067
-0.041501 0.275714 0.024715
-0.044594 0.273013 0.013766
-0.038570 0.264234 -0.000426
-0.045823 0.284831 0.043550
-0.040097 0.262395 -0.006928
-0.047450 0.283830 0.038891
-0.049779 0.304828 0.093137
-0.060396 0.317332 0.133684
-0.052693 0.312738 0.114744
-0.051375 0.304046 0.090552
-0.058584 0.318188 0.134801
-0.056028 0.311214 0.110805
0.025529 0.270311 0.025886
0.015660 0.263004 0.015734
0.025248 0.277995 0.045183
0.021268 0.257955 0.000443
0.019911 0.274629 0.041010
0.016554 0.253726 -0.005789
0.041343 0.303475 0.094832
0.043389 0.317504 0.133533
0.036215 0.300198 0.091933
0.047544 0.313301 0.116612
0.036670 0.307204 0.111469
0.048919 0.320014 0.135753
0.027174 0.249783 -0.023123
0.019815 0.219405 -0.082015
0.022472 0.242184 -0.036149
0.028287 0.244579 -0.035712
0.018621 0.226863 -0.065926
0.024819 0.229670 -0.065025
0.040581 0.275723 0.025744
0.043715 0.273066 0.015160
0.037527 0.264133 0.000520
0.044986 0.284916 0.044860
0.039114 0.262332 -0.005777
0.046583 0.283919 0.040385
0.049736 0.305318 0.094558
0.059955 0.318503 0.135186
0.053062 0.313587 0.116430
0.051032 0.304422 0.092016
0.058791 0.319464 0.136802
0.055805 0.311750 0.112300
-0.014640 0.344542 0.236368
-0.025932 0.338676 0.215225
-0.010771 0.340660 0.226797
-0.023943 0.345418 0.235846
-0.016064 0.337474 0.215545
-0.030218 0.342664 0.225985
0.013485 0.344530 0.236404
0.024804 0.338555 0.214747
0.009167 0.340652 0.226666
0.022770 0.345273 0.235452
0.014534 0.337368 0.215169
0.028938 0.342416 0.225103
0.000024 0.365372 0.284621
-0.000209 0.373331 0.308216
0.007376 0.366990 0.288363
-0.007470 0.366997 0.288407
0.007577 0.371197 0.300216
-0.007950 0.371210 0.300126
0.020599 0.356098 0.261313
0.036615 0.356611 0.259191
0.027351 0.352661 0.252200
0.021509 0.360203 0.270090
0.035896 0.352812 0.251141
0.029267 0.360752 0.269313
-0.020696 0.356024 0.261506
-0.036502 0.356213 0.259867
-0.027729 0.352585 0.252671
-0.021485 0.360137 0.270466
-0.035988 0.352509 0.251709
-0.029172 0.360544 0.269895
-0.016098 0.483719 0.319568
-0.026045 0.482218 0.290139
-0.010379 0.487960 0.307570
-0.026880 0.478293 0.316454
-0.015720 0.487609 0.292934
-0.031615 0.477073 0.301722
0.019068 0.482755 0.317482
0.028587 0.480598 0.288817
0.013147 0.487231 0.306662
0.029787 0.476708 0.313476
0.018275 0.486566 0.292208
0.034276 0.475062 0.299021
0.001183 0.453603 0.380320
0.001107 0.423085 0.407405
0.015361 0.445832 0.381504
-0.012335 0.446754 0.382788
0.015470 0.430555 0.391162
-0.013191 0.430640 0.392176
0.032979 0.461437 0.345719
0.049510 0.441431 0.327344
0.039489 0.461277 0.331383
0.035557 0.451706 0.353070
0.047439 0.451380 0.322860
0.044414 0.441248 0.342813
-0.030017 0.463130 0.348585
-0.047759 0.444545 0.331963
-0.036356 0.463722 0.334940
-0.032965 0.453340 0.356742
-0.045161 0.454481 0.327112
-0.042255 0.443482 0.347214
-0.027991 0.060733 -0.265068
-0.018382 0.106969 -0.227071
-0.013339 0.077265 -0.249489
-0.048314 0.066610 -0.259259
-0.013124 0.097717 -0.232301
-0.030559 0.097402 -0.237936
0.027913 0.060499 -0.264143
0.018990 0.107473 -0.227070
0.013060 0.076622 -0.249643
0.049093 0.066421 -0.258940
0.013047 0.097357 -0.232368
0.031750 0.097707 -0.238481
0.000798 0.145285 -0.236468
0.001586 0.196961 -0.213593
0.006367 0.158451 -0.229570
-0.004620 0.158739 -0.230065
0.005602 0.184302 -0.218076
-0.002949 0.184685 -0.219089
0.033372 0.106483 -0.247897
0.024250 0.150715 -0.216513
0.051240 0.094041 -0.250246
0.021047 0.135008 -0.232889
0.030759 0.126527 -0.231309
0.020999 0.153951 -0.218806
-0.032510 0.106426 -0.247463
-0.023795 0.150896 -0.216358
-0.050108 0.094271 -0.249165
-0.020944 0.135123 -0.232753
-0.029896 0.126636 -0.231474
-0.020712 0.154055 -0.218984
-0.001556 0.415393 -0.034377
-0.004794 0.437345 -0.021185
-0.000240 0.429545 -0.029079
-0.004159 0.412536 -0.032781
-0.002172 0.443297 -0.025694
-0.005370 0.422160 -0.024391
0.003230 0.415365 -0.033635
0.006225 0.435418 -0.018766
0.002036 0.429818 -0.028304
0.005519 0.411851 -0.032300
0.004252 0.441336 -0.022875
0.006566 0.421149 -0.023587
0.000724 0.353304 -0.090329
0.000804 0.323998 -0.121586
0.004188 0.346391 -0.096948
-0.002712 0.346805 -0.096972
0.004605 0.331670 -0.112612
-0.003032 0.332158 -0.112613
0.008308 0.374725 -0.064331
0.016620 0.363228 -0.067540
0.009817 0.383082 -0.053721
0.009915 0.361229 -0.077277
0.013753 0.377488 -0.054555
0.014248 0.355097 -0.079792
-0.006990 0.375281 -0.064563
-0.015407 0.364241 -0.067888
-0.008686 0.383667 -0.054013
-0.008544 0.361974 -0.077463
-0.012874 0.378108 -0.054921
-0.012791 0.356251 -0.080085
0.062136 0.337453 0.020594
0.063139 0.358524 0.039959
0.060384 0.343105 0.011477
0.064607 0.341650 0.039714
0.060635 0.354324 0.020989
0.065212 0.351690 0.049667
0.057304 0.294046 -0.004258
0.054282 0.283880 -0.001459
0.054531 0.282453 -0.023784
0.058723 0.299502 0.016237
0.052701 0.276418 -0.023747
0.057480 0.295236 0.019021
0.052952 0.283766 -0.055699
0.044815 0.256433 -0.096691
0.051639 0.273282 -0.060675
0.050573 0.283191 -0.068960
0.047504 0.259349 -0.081765
0.046593 0.269954 -0.088959
0.054905 0.318278 -0.034404
0.049249 0.327456 -0.052571
0.055337 0.330581 -0.025615
0.052090 0.309157 -0.053014
0.052412 0.335850 -0.034521
0.049306 0.313159 -0.062552
0.064424 0.322391 0.043969
0.066533 0.330145 0.086087
0.066378 0.330683 0.057174
0.063739 0.318172 0.050064
0.067383 0.334177 0.077780
0.064934 0.322763 0.071826
0.083024 0.349864 0.218424
0.072223 0.364496 0.213643
0.077248 0.359463 0.223730
0.082147 0.347426 0.211964
0.072565 0.366882 0.221706
0.075821 0.354495 0.209437
0.125378 0.309035 0.212080
0.137738 0.291911 0.196765
0.124063 0.308292 0.214812
0.130890 0.304535 0.203260
0.129050 0.300604 0.209368
0.139008 0.295051 0.193607
0.097001 0.334312 0.232697
0.084454 0.340578 0.240608
0.102853 0.326647 0.229630
0.086459 0.344651 0.239620
0.095989 0.330063 0.233321
0.080788 0.347361 0.244126
0.079892 0.357486 0.237618
0.066906 0.377322 0.253303
0.075136 0.364746 0.237938
0.077099 0.359747 0.243702
0.069246 0.374785 0.245473
0.069887 0.369598 0.251732
0.103274 0.325229 0.204700
0.092946 0.325005 0.191329
0.093796 0.331188 0.203320
0.110438 0.318126 0.199469
0.089359 0.330473 0.196790
0.103738 0.318981 0.192251
-0.062017 0.337417 0.019263
-0.063019 0.358581 0.038564
-0.060120 0.343202 0.010394
-0.064472 0.341788 0.038167
-0.060398 0.354522 0.019886
-0.065058 0.351690 0.048107
-0.057168 0.293096 -0.005573
-0.054124 0.283216 -0.002749
-0.054327 0.281560 -0.024943
-0.058648 0.298590 0.014785
-0.052529 0.275697 -0.024812
-0.057305 0.294444 0.017537
-0.052621 0.282953 -0.057113
-0.044575 0.256610 -0.098067
-0.051361 0.272164 -0.061909
-0.050311 0.282863 -0.070657
-0.047356 0.258487 -0.083090
-0.046256 0.270187 -0.090438
-0.054804 0.317978 -0.035844
-0.049157 0.327823 -0.053213
-0.055087 0.330647 -0.026652
-0.052083 0.308927 -0.054707
-0.052235 0.336274 -0.035246
-0.049304 0.313109 -0.063792
-0.064489 0.322025 0.042304
-0.066690 0.329992 0.084570
-0.066337 0.330861 0.055374
-0.063921 0.317527 0.048479
-0.067607 0.334411 0.076180
-0.064957 0.322213 0.070167
-0.082287 0.350808 0.219441
-0.071596 0.365989 0.214663
-0.076339 0.360506 0.225007
-0.081580 0.348117 0.212557
-0.071806 0.368242 0.223044
-0.075207 0.355636 0.209989
-0.125184 0.308952 0.210730
-0.138577 0.291218 0.195818
-0.122959 0.308409 0.214041
-0.133465 0.302242 0.201343
-0.128478 0.300728 0.208527
-0.141245 0.292730 0.191513
-0.094750 0.335627 0.233109
-0.082738 0.341481 0.241467
-0.100347 0.327751 0.229874
-0.084612 0.345846 0.240457
-0.093660 0.331054 0.233737
-0.079225 0.348432 0.245226
-0.078264 0.358594 0.238729
-0.065408 0.378733 0.255397
-0.073494 0.365775 0.239293
-0.075375 0.360989 0.244899
-0.067633 0.376053 0.247278
-0.068246 0.370998 0.253440
-0.103500 0.324832 0.204175
-0.092182 0.325288 0.190109
-0.093109 0.331409 0.202686
-0.111885 0.316754 0.198246
-0.088165 0.331074 0.195739
-0.104653 0.317817 0.190801
-0.008575 0.476015 0.163649
-0.017587 0.478359 0.195474
-0.014942 0.473704 0.163132
-0.019735 0.474459 0.178619
-0.005970 0.479357 0.180240
-0.010193 0.481055 0.196504
-0.003744 0.473022 0.067822
-0.006056 0.473757 0.038306
-0.006807 0.470283 0.068966
-0.007972 0.469224 0.055128
-0.001739 0.476516 0.051249
-0.002118 0.479507 0.034963
0.010029 0.475606 0.163749
0.019306 0.477641 0.195736
0.016321 0.473117 0.163297
0.021188 0.473733 0.178866
0.007525 0.479111 0.180349
0.011912 0.480653 0.196810
0.004039 0.472971 0.067108
0.007067 0.473036 0.038510
0.006489 0.470566 0.067537
0.008241 0.468959 0.054306
0.002831 0.476262 0.051040
0.003972 0.478703 0.035274
-0.054748 0.448083 0.226444
-0.062305 0.427630 0.214381
-0.055333 0.445424 0.210339
-0.059709 0.435942 0.205162
-0.058437 0.440692 0.236277
-0.061572 0.429782 0.229131
-0.008382 0.487864 0.247007
0.010622 0.487407 0.247178
-0.003993 0.490053 0.263770
0.006518 0.489736 0.263941
-0.003330 0.486801 0.230676
0.005322 0.486632 0.230823
-0.050550 0.456873 0.275142
-0.056163 0.440268 0.287664
-0.048074 0.459403 0.290194
-0.051591 0.451371 0.297059
-0.055773 0.446238 0.267079
-0.057933 0.437775 0.273032
-0.024133 0.426134 0.027639
-0.039126 0.411088 0.041112
-0.027544 0.428390 0.041902
-0.035611 0.420502 0.049372
-0.027356 0.415587 0.019598
-0.034597 0.408530 0.025517
-0.003069 0.490297 -0.017406
0.006311 0.483199 -0.009241
0.000945 0.493277 -0.044831
0.005789 0.480670 -0.026089
-0.000207 0.489610 -0.000304
0.002872 0.488212 0.001852
-0.014773 0.414501 -0.009973
-0.022065 0.387403 -0.029411
-0.012557 0.408235 -0.020818
-0.015950 0.394144 -0.030862
-0.019918 0.407611 -0.006958
-0.024466 0.394076 -0.016383
-0.066859 0.393345 0.118268
-0.067677 0.393356 0.151043
-0.065619 0.402407 0.124629
-0.066561 0.402568 0.140981
-0.068063 0.384258 0.128637
-0.068075 0.384141 0.145105
-0.049753 0.379848 0.013098
-0.042667 0.368730 -0.019646
-0.052340 0.368441 0.002998
-0.049043 0.362704 -0.014214
-0.042556 0.386063 0.007014
-0.038981 0.380744 -0.008554
-0.068429 0.365573 0.096105
-0.068620 0.351352 0.117152
-0.068561 0.356692 0.087467
-0.068987 0.350104 0.097834
-0.068936 0.366328 0.114854
-0.068650 0.358779 0.125301
-0.064381 0.399830 0.232349
-0.061909 0.404538 0.255553
-0.065020 0.390207 0.236194
-0.063561 0.392570 0.246581
-0.062856 0.411555 0.240199
-0.061675 0.413971 0.252918
-0.067485 0.363748 0.182049
-0.067689 0.348648 0.172184
-0.069409 0.353861 0.191497
-0.070739 0.346405 0.186789
-0.067618 0.365198 0.166131
-0.067404 0.357244 0.161023
0.055564 0.446493 0.225507
0.062681 0.425918 0.212753
0.056160 0.443811 0.209613
0.060380 0.434180 0.204103
0.058929 0.438780 0.234470
0.061801 0.427961 0.227160
0.052070 0.454255 0.272008
0.056834 0.437267 0.282844
0.050181 0.456084 0.286553
0.052984 0.448160 0.292415
0.056712 0.443785 0.263935
0.058543 0.434978 0.269026
0.023457 0.426935 0.028077
0.039209 0.411325 0.041874
0.027546 0.428632 0.042723
0.035400 0.421013 0.049992
0.027411 0.415838 0.020469
0.035113 0.408278 0.026603
0.014748 0.414581 -0.009436
0.022497 0.387136 -0.029145
0.012800 0.408064 -0.020339
0.016079 0.394056 -0.030494
0.020495 0.407303 -0.006324
0.024848 0.393969 -0.016017
0.066742 0.392876 0.118517
0.067754 0.392700 0.152182
0.065640 0.402189 0.125240
0.066569 0.402291 0.142037
0.067780 0.383631 0.128998
0.068038 0.383349 0.146026
0.049961 0.379836 0.014061
0.043152 0.368078 -0.019140
0.052756 0.367976 0.003846
0.049576 0.361933 -0.013515
0.042776 0.386096 0.007780
0.039237 0.380539 -0.008035
0.068260 0.365798 0.097147
0.068543 0.351222 0.118146
0.068504 0.356804 0.088922
0.068858 0.350046 0.099342
0.068491 0.366417 0.115320
0.068496 0.358572 0.126004
0.064989 0.398347 0.230119
0.062637 0.402675 0.252558
0.065861 0.388887 0.233864
0.064581 0.391161 0.244057
0.063318 0.409746 0.237706
0.062187 0.411914 0.249915
0.068291 0.362373 0.183456
0.069638 0.347802 0.173803
0.070963 0.352523 0.193001
0.072978 0.344937 0.188993
0.068108 0.363883 0.167954
0.068213 0.356455 0.162426
-0.011551 0.288368 0.081081
-0.022287 0.306264 0.125329
-0.018463 0.290253 0.082532
-0.023909 0.299825 0.105122
-0.008857 0.295911 0.102697
-0.014130 0.304070 0.124444
-0.005650 0.222456 -0.065895
-0.006851 0.197382 -0.112743
-0.009998 0.225497 -0.061976
-0.010691 0.213970 -0.085382
-0.002920 0.207402 -0.093377
-0.003596 0.193992 -0.116486
0.010086 0.288407 0.081502
0.020757 0.306290 0.126511
0.017121 0.290335 0.083232
0.022585 0.299992 0.106126
0.007114 0.295920 0.103035
0.012162 0.303987 0.125121
0.005598 0.222443 -0.066014
0.006932 0.197391 -0.112589
0.009247 0.225310 -0.062168
0.009875 0.213877 -0.084994
0.003309 0.207646 -0.092926
0.003813 0.193955 -0.116498
-0.063809 0.331208 0.184872
-0.079211 0.321585 0.185709
-0.061133 0.328427 0.171149
-0.067809 0.324939 0.171552
-0.071985 0.329415 0.196456
-0.079927 0.323497 0.195977
-0.011211 0.323348 0.177024
0.009339 0.323150 0.176813
-0.006229 0.328137 0.191122
0.004237 0.328051 0.190675
-0.005942 0.316856 0.160736
0.004041 0.316788 0.160894
-0.055905 0.339843 0.215775
-0.060010 0.341896 0.232082
-0.049768 0.343124 0.225482
-0.051555 0.344933 0.233555
-0.064799 0.336456 0.215225
-0.067333 0.336522 0.223278
-0.026733 0.208063 -0.111466
-0.036425 0.235917 -0.066379
-0.029571 0.223276 -0.083832
-0.034460 0.236197 -0.062024
-0.028791 0.207754 -0.115356
-0.033714 0.222436 -0.092972
-0.002775 0.146366 -0.180825
0.002709 0.146127 -0.181082
-0.002145 0.128403 -0.199809
0.001739 0.128206 -0.199875
-0.000861 0.161741 -0.162133
0.001154 0.161711 -0.162186
-0.021318 0.159365 -0.181863
-0.023809 0.167864 -0.181767
-0.023054 0.141034 -0.203205
-0.024142 0.145292 -0.203395
-0.023536 0.177617 -0.161371
-0.025024 0.181078 -0.161675
-0.058796 0.303230 0.077170
-0.068156 0.314997 0.124068
-0.056973 0.302457 0.080014
-0.060438 0.309909 0.103846
-0.064266 0.312007 0.098985
-0.070001 0.316277 0.121847
-0.042405 0.242694 -0.070627
-0.036605 0.222709 -0.114257
-0.044726 0.247771 -0.069722
-0.042238 0.239128 -0.090847
-0.037515 0.227392 -0.094494
-0.034246 0.216002 -0.116746
-0.061023 0.307530 0.069515
-0.066575 0.324631 0.109343
-0.061230 0.308975 0.064942
-0.063811 0.317646 0.083976
-0.065058 0.316230 0.095975
-0.068512 0.323035 0.116884
-0.104209 0.310113 0.210802
-0.089643 0.325698 0.227953
-0.108945 0.310688 0.217246
-0.099537 0.319868 0.225403
-0.094034 0.317242 0.212949
-0.087615 0.324074 0.221542
-0.107739 0.303834 0.170413
-0.095309 0.316641 0.172631
-0.121699 0.298957 0.176100
-0.109539 0.308950 0.177735
-0.093616 0.311573 0.161421
-0.089631 0.317741 0.162270
0.063695 0.332708 0.185317
0.079601 0.322346 0.186978
0.061189 0.330522 0.173079
0.068209 0.327110 0.174742
0.072097 0.330281 0.196805
0.080731 0.323912 0.197141
0.055995 0.340069 0.215500
0.060455 0.342124 0.231717
0.049760 0.343206 0.225094
0.051757 0.345198 0.233208
0.065131 0.336745 0.215401
0.067864 0.336663 0.223241
0.026378 0.207820 -0.111226
0.035551 0.235840 -0.064728
0.028682 0.222884 -0.083166
0.033404 0.236055 -0.060358
0.028451 0.207453 -0.115236
0.033014 0.222250 -0.091946
0.021764 0.159377 -0.182416
0.024268 0.167820 -0.182501
0.024250 0.141207 -0.204008
0.025283 0.145602 -0.204070
0.023976 0.177571 -0.161990
0.025429 0.181061 -0.162328
0.058671 0.303545 0.079436
0.068115 0.315205 0.126262
0.056462 0.302642 0.082193
0.059985 0.310250 0.106057
0.064671 0.312536 0.101536
0.070330 0.316435 0.124517
0.042406 0.243049 -0.070253
0.036837 0.223324 -0.114428
0.044908 0.248363 -0.069400
0.042561 0.239813 -0.091018
0.037458 0.227446 -0.094870
0.034297 0.215918 -0.118039
0.061593 0.308345 0.071840
0.067354 0.324442 0.112469
0.061704 0.309864 0.067064
0.064378 0.318187 0.086226
0.065931 0.316900 0.098970
0.069215 0.323332 0.119871
0.106030 0.308998 0.211180
0.089546 0.325720 0.226794
0.111043 0.309537 0.217092
0.101284 0.318983 0.224905
0.094721 0.316990 0.213081
0.087797 0.324100 0.220980
0.108735 0.303918 0.171311
0.095387 0.316668 0.174107
0.120342 0.301101 0.176867
0.107753 0.310886 0.179197
0.094019 0.310743 0.162772
0.091104 0.316539 0.165485
0.024646 0.377757 0.313418
0.037384 0.370436 0.284780
0.023355 0.373268 0.301115
0.030172 0.369723 0.288149
0.032343 0.379877 0.309580
0.038050 0.375775 0.294010
-0.024066 0.378002 0.314512
-0.036751 0.370644 0.286299
-0.023071 0.373624 0.302089
-0.029780 0.369975 0.289273
-0.031611 0.380220 0.311167
-0.037323 0.376242 0.295785
0.033015 0.399375 0.353527
0.046200 0.408024 0.325974
0.035040 0.411871 0.359952
0.042662 0.416539 0.344230
0.037015 0.394542 0.331444
0.043384 0.397776 0.320146
-0.031835 0.399312 0.355540
-0.044851 0.408667 0.329291
-0.033590 0.412106 0.362455
-0.040925 0.417069 0.347545
-0.035997 0.394736 0.333703
-0.042294 0.398292 0.322861
0.057065 0.368260 0.268057
0.056154 0.382700 0.278317
0.063125 0.366312 0.261788
0.061633 0.373715 0.265940
0.050715 0.376187 0.280806
0.051171 0.383268 0.287148
-0.056539 0.369217 0.270206
-0.055317 0.383850 0.281103
-0.062345 0.367464 0.263830
-0.060610 0.374971 0.268214
-0.050118 0.377134 0.283163
-0.050425 0.384247 0.289744
0.011768 0.235522 -0.184891
0.020568 0.218420 -0.178173
0.012324 0.211849 -0.196632
0.016662 0.203014 -0.193942
0.017051 0.248368 -0.169027
0.021274 0.240130 -0.165504
-0.011937 0.236227 -0.183950
-0.020501 0.219512 -0.178081
-0.012055 0.212709 -0.196418
-0.016622 0.204059 -0.193550
-0.017068 0.249153 -0.168478
-0.021168 0.241067 -0.165518
0.013922 0.298013 -0.138584
0.022789 0.317285 -0.111010
0.013532 0.315875 -0.122694
0.017606 0.324756 -0.109636
0.018660 0.289197 -0.140113
0.023452 0.299741 -0.125548
-0.012808 0.299076 -0.139053
-0.021414 0.318650 -0.111523
-0.012166 0.316928 -0.123034
-0.016059 0.326107 -0.110092
-0.017740 0.290309 -0.140676
-0.022413 0.300796 -0.126179
0.035014 0.261586 -0.126663
0.037405 0.296969 -0.104952
0.040024 0.274707 -0.109444
0.041244 0.291708 -0.099047
0.031429 0.266800 -0.132549
0.032625 0.285308 -0.120890
-0.034663 0.262147 -0.128278
-0.037093 0.297208 -0.105310
-0.039790 0.275156 -0.109845
-0.041121 0.291620 -0.099414
-0.031073 0.267281 -0.133817
-0.032158 0.285637 -0.121810
-0.033471 0.454203 0.132229
-0.028959 0.452186 0.108178
-0.028272 0.458833 0.132255
-0.023525 0.457050 0.105308
-0.043395 0.446991 0.141574
-0.033635 0.457574 0.145408
-0.044475 0.449709 0.155437
-0.035983 0.443028 0.103689
-0.024070 0.453677 0.093640
-0.031763 0.443239 0.089352
-0.045189 0.439358 0.124059
-0.038339 0.437542 0.095954
-0.048605 0.433268 0.118110
-0.049170 0.443324 0.151973
-0.051383 0.434717 0.132793
0.033954 0.453773 0.132276
0.029336 0.451699 0.108442
0.028936 0.458299 0.132353
0.024058 0.456347 0.105648
0.043666 0.446711 0.141519
0.034241 0.457015 0.145416
0.044882 0.449067 0.155359
0.036099 0.442987 0.103911
0.024558 0.452880 0.094192
0.031670 0.443280 0.089630
0.045362 0.439464 0.124165
0.038359 0.437683 0.096188
0.048738 0.433361 0.118426
0.049452 0.442778 0.152021
0.051532 0.434722 0.133098
-0.035580 0.285293 0.053268
-0.031351 0.268164 0.015824
-0.031343 0.281817 0.048862
-0.027098 0.262995 0.007475
-0.043286 0.296701 0.075199
-0.036354 0.292665 0.071335
-0.045416 0.304838 0.094860
-0.036039 0.269870 0.015672
-0.027599 0.256174 -0.008745
-0.032864 0.258224 -0.008862
-0.042818 0.287559 0.052999
-0.037206 0.266770 0.007152
-0.044302 0.286181 0.048423
-0.047903 0.305226 0.094723
-0.047026 0.295912 0.071081
0.034578 0.285262 0.054170
0.030216 0.268081 0.016283
0.030171 0.281696 0.049761
0.025865 0.262831 0.007863
0.042887 0.296910 0.076347
0.035360 0.292675 0.072536
0.045311 0.305330 0.096270
0.035075 0.269845 0.016283
0.026384 0.255920 -0.008499
0.031743 0.257995 -0.008408
0.042236 0.287724 0.054038
0.036192 0.266685 0.007908
0.043594 0.286292 0.049569
0.047988 0.305794 0.096149
0.046571 0.296083 0.072349
-0.000224 0.347502 0.245667
-0.011432 0.351631 0.253740
-0.005293 0.343969 0.236762
-0.017602 0.348429 0.245218
0.011235 0.351575 0.253691
0.004134 0.344014 0.236841
0.016808 0.348399 0.245249
0.006754 0.358349 0.268551
-0.006555 0.358344 0.268556
0.007192 0.362675 0.278039
-0.007019 0.362736 0.278232
0.019116 0.352182 0.253084
0.013963 0.359455 0.269965
-0.019471 0.352193 0.253210
-0.013869 0.359437 0.270091
0.001711 0.483314 0.331669
-0.014875 0.476645 0.341746
-0.004233 0.486522 0.320671
-0.021283 0.478201 0.330127
0.018146 0.475997 0.340224
0.007522 0.486184 0.319822
0.024480 0.476994 0.327463
0.012593 0.467314 0.360742
-0.009588 0.467376 0.362048
0.014275 0.458020 0.371104
-0.011239 0.458437 0.372769
0.029185 0.469941 0.336983
0.024603 0.460592 0.359122
-0.025974 0.471316 0.339642
-0.021793 0.461359 0.361658
-0.001092 0.046503 -0.279144
-0.028654 0.064221 -0.274075
-0.009168 0.057970 -0.265703
-0.050470 0.038911 -0.283368
0.028912 0.063699 -0.273652
0.008272 0.057167 -0.265642
0.052062 0.037970 -0.281170
0.011100 0.107080 -0.252073
-0.010433 0.107024 -0.252102
0.008339 0.132682 -0.240409
-0.007347 0.132521 -0.240659
0.053268 0.071364 -0.268643
0.018885 0.119905 -0.243875
-0.051389 0.071242 -0.267786
-0.018066 0.119633 -0.243947
0.000854 0.404781 -0.042501
-0.002443 0.392140 -0.051853
0.000369 0.416197 -0.034894
-0.003389 0.401767 -0.042747
0.003965 0.391925 -0.051555
0.001453 0.416349 -0.034619
0.004908 0.401483 -0.042143
0.003221 0.372538 -0.070190
-0.001739 0.372767 -0.070267
0.003720 0.360015 -0.082701
-0.002280 0.360314 -0.082768
0.006596 0.388031 -0.052656
0.006250 0.367088 -0.074032
-0.005255 0.388462 -0.052980
-0.004852 0.367526 -0.074176
0.059153 0.322107 -0.006869
0.062242 0.323072 0.018338
0.059835 0.332315 0.002078
0.063526 0.332106 0.029219
0.057063 0.296857 -0.021813
0.060614 0.309543 0.010626
0.056032 0.289385 -0.023202
0.059863 0.304344 0.013486
0.056282 0.304788 -0.031217
0.054797 0.285921 -0.040526
0.053780 0.294826 -0.049513
0.057471 0.325997 -0.016117
0.054406 0.306354 -0.042487
0.064386 0.327080 0.037040
0.062279 0.313716 0.029502
0.088838 0.345998 0.225642
0.097061 0.334788 0.215188
0.082808 0.352639 0.224954
0.089341 0.341075 0.213720
0.109975 0.323733 0.222580
0.113336 0.320748 0.213520
0.117361 0.315720 0.219291
0.122317 0.312663 0.209457
0.093809 0.340559 0.230402
0.107696 0.324233 0.226047
0.090859 0.342333 0.235021
0.081765 0.355166 0.231373
0.085137 0.350060 0.236652
0.096249 0.332780 0.209309
0.113923 0.318607 0.206755
-0.058797 0.321630 -0.008122
-0.062149 0.322706 0.016901
-0.059546 0.332108 0.000912
-0.063464 0.332079 0.027720
-0.056844 0.295834 -0.023140
-0.060531 0.308745 0.009155
-0.055785 0.288340 -0.024382
-0.059814 0.303427 0.012033
-0.056115 0.304016 -0.032815
-0.054388 0.284820 -0.041589
-0.053606 0.294205 -0.051318
-0.057173 0.325708 -0.017311
-0.054357 0.305839 -0.044304
-0.064403 0.326932 0.035474
-0.062274 0.312972 0.027932
-0.087719 0.346892 0.226505
-0.096395 0.335320 0.215661
-0.081805 0.353595 0.226035
-0.088918 0.341367 0.214286
-0.108295 0.324700 0.222386
-0.112758 0.321105 0.213206
-0.115675 0.316529 0.218754
-0.122341 0.312482 0.208114
-0.092080 0.341750 0.230948
-0.105505 0.325449 0.225980
-0.088937 0.343612 0.235666
-0.080422 0.356187 0.232471
-0.083437 0.351241 0.237540
-0.095800 0.332972 0.209309
-0.115065 0.317736 0.206120
-0.007036 0.471838 0.131691
-0.005309 0.470739 0.099785
-0.012198 0.469838 0.131721
-0.009128 0.468669 0.100130
0.008080 0.471583 0.131701
0.005933 0.470563 0.099587
0.013192 0.469398 0.131789
0.009782 0.468283 0.100091
0.000653 0.474650 0.147760
-0.010711 0.472624 0.147512
-0.002306 0.477089 0.163917
0.000319 0.472632 0.083326
-0.006061 0.470419 0.084007
-0.000950 0.474235 0.067313
0.011916 0.472203 0.147601
0.003820 0.476934 0.163931
0.006193 0.470303 0.083350
0.001681 0.474156 0.067105
-0.030622 0.472875 0.208858
-0.043760 0.462587 0.219492
-0.032039 0.469224 0.191957
-0.044597 0.459196 0.202643
-0.023667 0.483170 0.260574
-0.038392 0.472492 0.270464
-0.020175 0.485829 0.277137
-0.035410 0.475069 0.286475
-0.020363 0.481652 0.228303
-0.024891 0.474366 0.193891
-0.014925 0.481921 0.212512
-0.047855 0.460646 0.248647
-0.049970 0.454329 0.215105
-0.053760 0.450920 0.242668
-0.014154 0.487637 0.262598
-0.011919 0.485100 0.229842
-0.043681 0.466516 0.281552
-0.052428 0.453859 0.258969
-0.011202 0.460976 0.032229
-0.016156 0.444526 0.029169
-0.012767 0.459404 0.047184
-0.018981 0.444790 0.043592
-0.007398 0.461613 -0.011223
-0.009707 0.435717 -0.007441
-0.004851 0.454707 -0.020877
-0.007388 0.429822 -0.016715
-0.007797 0.474257 0.009546
-0.009533 0.466384 0.042689
-0.004940 0.479256 0.020732
-0.015790 0.431228 0.008969
-0.021186 0.436131 0.035382
-0.020717 0.423327 0.014018
-0.005942 0.477622 -0.024730
-0.004238 0.485979 0.002153
-0.010635 0.421916 -0.013053
-0.017341 0.419701 0.001377
-0.051425 0.406937 0.064787
-0.061871 0.401271 0.090825
-0.047854 0.415594 0.072763
-0.059040 0.410208 0.098001
-0.059344 0.377081 0.038580
-0.065308 0.372005 0.066665
-0.060216 0.365909 0.029267
-0.065312 0.361782 0.057604
-0.050600 0.394466 0.039572
-0.043534 0.413459 0.056883
-0.042791 0.401084 0.032388
-0.066466 0.383180 0.093482
-0.064173 0.401931 0.108028
-0.067552 0.384014 0.111347
-0.055862 0.373133 0.020567
-0.046441 0.390625 0.023022
-0.067159 0.364039 0.076856
-0.067996 0.374681 0.103942
-0.065057 0.415031 0.193174
-0.066866 0.403475 0.172300
-0.063105 0.424064 0.183706
-0.065492 0.412668 0.162713
-0.066779 0.386124 0.214875
-0.067976 0.373591 0.199308
-0.068518 0.376745 0.219851
-0.070474 0.364064 0.205877
-0.064818 0.407309 0.214467
-0.062885 0.425812 0.199359
-0.063441 0.418565 0.221576
-0.067608 0.383917 0.176019
-0.066991 0.402870 0.157026
-0.067874 0.384015 0.160949
-0.066109 0.388074 0.225673
-0.063894 0.409295 0.227432
-0.068677 0.363158 0.195400
-0.067723 0.374213 0.171091
0.031939 0.472046 0.208924
0.044990 0.461265 0.219137
0.033280 0.467987 0.191924
0.045533 0.457840 0.202280
0.025853 0.481823 0.260337
0.040521 0.470201 0.268516
0.022644 0.484657 0.277150
0.037868 0.472686 0.284008
0.022378 0.480747 0.228529
0.026449 0.473386 0.194121
0.016842 0.481363 0.212933
0.016412 0.486796 0.262693
0.013997 0.484559 0.230129
0.049225 0.458964 0.247469
0.050984 0.452830 0.214590
0.054698 0.449280 0.241215
0.045850 0.463709 0.278477
0.053553 0.451910 0.256842
0.011928 0.459447 0.033754
0.016207 0.443849 0.030097
0.013650 0.457887 0.048426
0.018602 0.444954 0.043893
0.008384 0.457215 -0.006073
0.010347 0.434411 -0.005565
0.006522 0.450605 -0.015747
0.008308 0.428443 -0.015198
0.008723 0.472207 0.012611
0.010191 0.465513 0.043157
0.006658 0.477822 0.022656
0.007306 0.468480 -0.013929
0.006482 0.481778 0.006685
0.015594 0.431227 0.010111
0.020892 0.436285 0.035802
0.020261 0.423970 0.014842
0.010939 0.421469 -0.012129
0.017124 0.420160 0.002238
0.051468 0.407112 0.065413
0.061857 0.401176 0.091161
0.047982 0.415723 0.073379
0.059204 0.410252 0.098390
0.059458 0.377208 0.039794
0.065373 0.372040 0.067879
0.060353 0.365724 0.030539
0.065421 0.361843 0.059035
0.050737 0.394986 0.040377
0.043546 0.413705 0.057552
0.042953 0.401397 0.033201
0.066411 0.383098 0.093989
0.064204 0.401885 0.108180
0.067371 0.383539 0.111622
0.056023 0.373083 0.021663
0.046610 0.391033 0.023856
0.067221 0.364190 0.078226
0.067845 0.374581 0.104570
0.065299 0.413822 0.192387
0.067024 0.402697 0.173002
0.063722 0.422761 0.183688
0.065867 0.412108 0.163905
0.067453 0.385108 0.213060
0.068312 0.372031 0.198967
0.069238 0.375431 0.218199
0.071036 0.362258 0.205699
0.065128 0.405960 0.212769
0.063557 0.424081 0.198369
0.063650 0.416953 0.219623
0.067740 0.382705 0.176734
0.067111 0.402321 0.158189
0.068029 0.382908 0.162045
0.066835 0.386828 0.223643
0.064296 0.407732 0.225351
0.069236 0.361391 0.196409
0.068029 0.372856 0.172391
-0.009548 0.269894 0.035122
-0.007736 0.248066 -0.013589
-0.015426 0.271858 0.037252
-0.012776 0.250467 -0.010597
0.008440 0.269902 0.035354
0.007041 0.248008 -0.013672
0.014268 0.271873 0.037673
0.011815 0.250357 -0.010538
-0.000619 0.278393 0.057517
-0.013713 0.280318 0.059222
-0.004380 0.287394 0.080373
0.000083 0.234175 -0.041411
-0.009128 0.236941 -0.037767
-0.001663 0.221007 -0.067722
0.012439 0.280356 0.059652
0.002886 0.287398 0.080507
0.008464 0.236822 -0.037965
0.002065 0.221066 -0.067685
-0.036135 0.318666 0.146686
-0.049248 0.328939 0.166908
-0.036928 0.312871 0.128660
-0.049032 0.324163 0.150944
-0.026376 0.330982 0.191387
-0.041536 0.337908 0.204881
-0.021325 0.334256 0.203757
-0.036092 0.340119 0.215567
-0.025162 0.320391 0.161759
-0.029815 0.309337 0.126558
-0.019433 0.312374 0.143707
-0.054748 0.336065 0.194642
-0.055399 0.329477 0.169009
-0.063348 0.334089 0.195869
-0.016727 0.329340 0.191925
-0.015707 0.318083 0.161027
-0.046245 0.340952 0.215899
-0.060593 0.336818 0.205838
-0.012257 0.193758 -0.123032
-0.019505 0.197662 -0.122817
-0.015812 0.211000 -0.095133
-0.022398 0.214393 -0.094313
-0.009658 0.138675 -0.192906
-0.016987 0.142661 -0.195708
-0.011117 0.118645 -0.213046
-0.020906 0.121764 -0.217197
-0.005988 0.168168 -0.156245
-0.011061 0.203232 -0.105643
-0.004304 0.180607 -0.137727
-0.019788 0.177207 -0.156014
-0.024402 0.210279 -0.104346
-0.023907 0.192600 -0.136455
-0.006111 0.131904 -0.197522
-0.003028 0.163540 -0.160502
-0.021018 0.140045 -0.201903
-0.021880 0.176472 -0.159724
-0.043490 0.261343 -0.016253
-0.050763 0.283696 0.031236
-0.041770 0.261411 -0.012226
-0.049124 0.283422 0.034734
-0.048743 0.266965 -0.023061
-0.054823 0.288255 0.023013
-0.050618 0.270835 -0.024174
-0.056035 0.290990 0.020307
-0.042712 0.250900 -0.044700
-0.039054 0.249017 -0.039086
-0.038280 0.236932 -0.068760
-0.056616 0.295577 0.050419
-0.053808 0.293561 0.055887
-0.060143 0.304560 0.075092
-0.046701 0.257344 -0.046759
-0.040236 0.239185 -0.070050
-0.058261 0.299101 0.044345
-0.060880 0.306137 0.072875
-0.081300 0.316379 0.173263
-0.074892 0.315703 0.151937
-0.067457 0.320027 0.154547
-0.062270 0.316260 0.131524
-0.117849 0.297174 0.196691
-0.122116 0.293061 0.177829
-0.127417 0.295771 0.203067
-0.141481 0.285376 0.179864
-0.097461 0.309714 0.193898
-0.074562 0.320686 0.172073
-0.088708 0.316697 0.195405
-0.092092 0.309943 0.161691
-0.065484 0.314988 0.127876
-0.079418 0.315204 0.143781
-0.115571 0.302587 0.207657
-0.097755 0.312072 0.203887
-0.123728 0.295193 0.175621
-0.092979 0.310587 0.160981
0.035404 0.319126 0.148512
0.049520 0.330668 0.168953
0.036417 0.313482 0.130607
0.049526 0.325838 0.153361
0.025331 0.330974 0.191393
0.041503 0.338290 0.204408
0.020107 0.334158 0.203503
0.035293 0.340007 0.214788
0.023546 0.320261 0.162320
0.028810 0.309546 0.128290
0.017725 0.312293 0.145107
0.014807 0.329027 0.190885
0.013847 0.317923 0.161374
0.054562 0.337431 0.194976
0.055725 0.331382 0.170858
0.063237 0.335156 0.196120
0.045752 0.340903 0.215098
0.060571 0.337568 0.206089
0.011961 0.193062 -0.123747
0.019045 0.197241 -0.122840
0.015017 0.210408 -0.095566
0.021703 0.213945 -0.094309
0.009680 0.138291 -0.193375
0.016981 0.142572 -0.195624
0.011115 0.118412 -0.213210
0.021306 0.121821 -0.217798
0.006371 0.167711 -0.156928
0.010634 0.202858 -0.105844
0.004679 0.180401 -0.138063
0.005605 0.131052 -0.198160
0.003464 0.163441 -0.160731
0.019963 0.176866 -0.156549
0.024013 0.209853 -0.104499
0.024139 0.192337 -0.137069
0.021334 0.140104 -0.201997
0.022220 0.176334 -0.160288
0.042849 0.261406 -0.014938
0.050347 0.283857 0.032906
0.040902 0.261400 -0.010843
0.048421 0.283517 0.036372
0.048775 0.267391 -0.022147
0.054991 0.288846 0.024572
0.050744 0.271368 -0.023202
0.056229 0.291692 0.021836
0.042408 0.250952 -0.044086
0.038178 0.248948 -0.037531
0.037835 0.236735 -0.068392
0.056808 0.296111 0.052321
0.053379 0.293660 0.057811
0.060542 0.305286 0.077212
0.046824 0.257750 -0.046148
0.040105 0.239216 -0.069998
0.058572 0.299859 0.046197
0.061445 0.307097 0.075166
0.083049 0.316244 0.175695
0.076241 0.314960 0.150989
0.067252 0.321947 0.157429
0.063498 0.316250 0.132238
0.119778 0.295885 0.196686
0.124877 0.292551 0.179092
0.129412 0.294888 0.203502
0.139833 0.287848 0.183062
0.097978 0.309540 0.193916
0.075954 0.321995 0.176435
0.089469 0.316632 0.196195
0.092396 0.309244 0.162630
0.065591 0.315208 0.129074
0.079673 0.314871 0.145588
0.117546 0.301530 0.208287
0.098421 0.311794 0.204080
0.125623 0.295309 0.177164
0.093648 0.310174 0.161936
0.008929 0.377595 0.327376
-0.008495 0.377630 0.327741
0.007965 0.374646 0.312981
-0.008239 0.374790 0.313314
0.016929 0.394599 0.394404
-0.016073 0.394398 0.395268
0.017385 0.413173 0.402950
-0.016064 0.412576 0.402581
0.021012 0.384430 0.347831
0.016403 0.375898 0.314405
0.026715 0.382994 0.327179
-0.019928 0.384236 0.348538
-0.016163 0.376110 0.315116
-0.025879 0.383130 0.328472
0.027002 0.404304 0.377610
0.029772 0.389738 0.341628
-0.026006 0.404445 0.378963
-0.028796 0.389790 0.343360
0.052727 0.350565 0.247450
0.044457 0.360476 0.264537
0.044455 0.352362 0.249641
0.036957 0.360913 0.267412
0.078628 0.339057 0.239597
0.066832 0.353458 0.252764
0.087642 0.334386 0.236650
0.074106 0.350320 0.248476
0.069853 0.340023 0.236454
0.052536 0.347538 0.240471
0.069194 0.337745 0.230076
0.089738 0.329155 0.232100
0.078829 0.332249 0.228455
0.051138 0.364149 0.267565
0.037093 0.365535 0.275928
0.044211 0.370577 0.279972
0.064904 0.359510 0.257405
0.050756 0.369817 0.274205
-0.052304 0.349853 0.248296
-0.043979 0.359959 0.265731
-0.044214 0.351723 0.250253
-0.036673 0.360497 0.268289
-0.077501 0.339406 0.240532
-0.065956 0.353952 0.254189
-0.085890 0.335066 0.237338
-0.072938 0.351189 0.249812
-0.069339 0.339841 0.237266
-0.052174 0.346986 0.241020
-0.068789 0.337554 0.230561
-0.088302 0.329736 0.232852
-0.078541 0.332175 0.229165
-0.050585 0.364149 0.269345
-0.036662 0.365326 0.277083
-0.043527 0.370851 0.281832
-0.064176 0.360423 0.259221
-0.050190 0.370447 0.276319
0.055559 0.429212 0.299671
0.052471 0.419540 0.314437
0.052732 0.440667 0.311786
0.050093 0.430348 0.329589
0.061745 0.395999 0.264239
0.059786 0.389392 0.272778
0.064748 0.385219 0.254261
0.064059 0.379577 0.261332
0.059226 0.416143 0.274402
0.054896 0.439169 0.296840
0.059163 0.425616 0.272360
0.063251 0.393594 0.254132
0.060846 0.414106 0.262061
0.053074 0.399800 0.296873
0.048826 0.419004 0.329206
0.048727 0.399440 0.308474
0.060469 0.381375 0.269709
0.052057 0.391131 0.292661
-0.054946 0.432177 0.304541
-0.051476 0.421671 0.318847
-0.051416 0.443872 0.316896
-0.048470 0.433052 0.334153
-0.060740 0.397824 0.267251
-0.058727 0.391001 0.275716
-0.063399 0.386706 0.256649
-0.062714 0.381065 0.263762
-0.058675 0.418618 0.278425
-0.054027 0.442178 0.301890
-0.058800 0.428455 0.276782
-0.062292 0.395332 0.256823
-0.060352 0.416426 0.265732
-0.052136 0.401192 0.300246
-0.047053 0.420126 0.333254
-0.047711 0.400401 0.311631
-0.059328 0.382793 0.272336
-0.051162 0.392196 0.295635
0.005152 0.233709 -0.192112
-0.003065 0.234274 -0.192598
0.005161 0.209493 -0.205739
-0.002748 0.209962 -0.206493
0.004938 0.297792 -0.145856
-0.003659 0.298312 -0.146065
0.004938 0.315551 -0.129155
-0.003392 0.316111 -0.129218
0.009239 0.267733 -0.167097
0.008534 0.222455 -0.195984
0.013077 0.257656 -0.169669
-0.007977 0.268745 -0.167382
-0.007428 0.223120 -0.196345
-0.012573 0.258665 -0.169459
0.009305 0.306869 -0.134882
0.013885 0.278481 -0.154110
-0.008003 0.307775 -0.135163
-0.012892 0.279719 -0.154626
0.023998 0.173302 -0.191607
0.023423 0.192354 -0.185681
0.024833 0.151387 -0.212368
0.021489 0.173834 -0.202808
0.036829 0.228250 -0.125144
0.036509 0.241289 -0.128928
0.042500 0.244207 -0.103443
0.041729 0.255972 -0.109110
0.028462 0.197879 -0.155392
0.024347 0.156308 -0.201279
0.026698 0.187793 -0.160735
0.039719 0.232906 -0.109317
0.031116 0.205746 -0.137987
0.028472 0.228406 -0.155787
0.020571 0.196231 -0.190271
0.025145 0.233456 -0.161120
0.038454 0.257822 -0.118986
0.030032 0.247608 -0.144365
-0.023784 0.173454 -0.190814
-0.023326 0.193648 -0.185346
-0.024346 0.151476 -0.211978
-0.021295 0.174607 -0.202705
-0.036699 0.228396 -0.125800
-0.036243 0.242350 -0.129698
-0.042321 0.243956 -0.104436
-0.041470 0.256644 -0.110233
-0.028369 0.198015 -0.155214
-0.023663 0.156090 -0.200809
-0.026406 0.187612 -0.160084
-0.039519 0.232337 -0.109936
-0.030869 0.205378 -0.137763
-0.028126 0.229889 -0.156263
-0.020502 0.197580 -0.189975
-0.024865 0.234477 -0.161648
-0.038178 0.258623 -0.120039
-0.029643 0.248720 -0.145003
0.024266 0.365303 -0.054593
0.024634 0.342449 -0.082316
0.018640 0.371449 -0.054929
0.019182 0.348804 -0.081497
0.043075 0.347332 -0.047462
0.041272 0.323983 -0.076884
0.048365 0.341409 -0.041836
0.045815 0.318295 -0.070620
0.033095 0.367203 -0.038634
0.020482 0.379528 -0.042089
0.028953 0.380814 -0.026932
0.046402 0.355005 -0.030558
0.036015 0.374382 -0.023564
0.032249 0.320100 -0.095753
0.021285 0.333640 -0.096184
0.027935 0.310047 -0.110843
0.041764 0.308240 -0.088425
0.032986 0.303152 -0.108718
-0.023349 0.366207 -0.054838
-0.023156 0.343881 -0.082574
-0.017752 0.372234 -0.055282
-0.017628 0.350384 -0.081874
-0.042634 0.348370 -0.047509
-0.041089 0.324421 -0.076423
-0.048149 0.342277 -0.042275
-0.045732 0.318408 -0.070988
-0.032657 0.367608 -0.038640
-0.019846 0.380081 -0.042376
-0.028769 0.380774 -0.027012
-0.045869 0.356053 -0.031071
-0.035720 0.374559 -0.023735
-0.031186 0.321218 -0.095835
-0.019637 0.335192 -0.096714
-0.026844 0.311223 -0.111339
-0.041674 0.308221 -0.088292
-0.032250 0.303801 -0.109170
0.067861 0.339172 0.119530
0.067349 0.330853 0.118301
0.067625 0.337150 0.098435
0.065980 0.327155 0.094771
0.076254 0.334406 0.177883
0.085350 0.324929 0.176334
0.083204 0.331344 0.188998
0.095296 0.321010 0.185461
0.068611 0.344916 0.149170
0.068318 0.344126 0.109162
0.068440 0.351367 0.137278
0.074848 0.338804 0.183815
0.068479 0.350213 0.156239
0.073998 0.329334 0.151279
0.066166 0.325227 0.103363
0.071744 0.327930 0.137841
0.096283 0.318189 0.179727
0.081959 0.323815 0.161352
-0.067496 0.339396 0.117930
-0.066748 0.330685 0.116222
-0.067754 0.337276 0.096965
-0.065844 0.326661 0.092893
-0.073764 0.336136 0.175606
-0.084446 0.325563 0.175145
-0.081591 0.332286 0.187850
-0.095226 0.320738 0.183964
-0.067375 0.345269 0.147926
-0.068353 0.344320 0.107729
-0.067972 0.351689 0.136105
-0.072337 0.340384 0.181716
-0.067376 0.350718 0.154883
-0.071876 0.331342 0.149110
-0.065672 0.324958 0.101075
-0.070784 0.327611 0.133991
-0.096687 0.317715 0.178339
-0.080386 0.324329 0.156032
-0.022264 0.466612 0.146801
-0.027480 0.466334 0.161273
-0.013210 0.463989 0.086380
-0.013606 0.461797 0.073234
-0.021265 0.470435 0.162330
-0.010064 0.466340 0.070744
-0.050562 0.448433 0.182439
-0.055461 0.440590 0.178212
-0.055613 0.442925 0.194190
-0.029561 0.437085 0.065644
-0.036767 0.430313 0.072798
-0.032332 0.429285 0.057404
-0.058654 0.419491 0.120985
-0.060905 0.420393 0.136837
-0.063756 0.411414 0.130814
0.023295 0.465870 0.146952
0.028579 0.465404 0.161420
0.013997 0.462916 0.086930
0.014808 0.460122 0.074298
0.022542 0.469642 0.162536
0.010550 0.465511 0.070621
0.051314 0.447309 0.182283
0.056201 0.439296 0.178201
0.056450 0.441437 0.193803
0.029238 0.437301 0.065964
0.036882 0.430249 0.073446
0.032281 0.429476 0.058031
0.058650 0.419609 0.121469
0.060896 0.420328 0.137627
0.063651 0.411495 0.131654
-0.025897 0.285638 0.064353
-0.031244 0.296250 0.087391
-0.018467 0.244738 -0.026941
-0.019118 0.235801 -0.047096
-0.025037 0.292928 0.084671
-0.014567 0.230012 -0.055780
-0.052094 0.319315 0.134778
-0.055380 0.319131 0.135316
-0.057845 0.324427 0.154382
-0.030863 0.240896 -0.046668
-0.035556 0.251652 -0.027138
-0.032547 0.237881 -0.055441
-0.050239 0.293889 0.063300
-0.053002 0.303099 0.087221
-0.054914 0.302431 0.083521
0.024749 0.285679 0.065229
0.030320 0.296482 0.088639
0.017194 0.244465 -0.026893
0.017771 0.235426 -0.047143
0.023904 0.293089 0.085650
0.013294 0.229687 -0.055904
0.052831 0.320763 0.136865
0.056091 0.320474 0.137294
0.058475 0.326369 0.156757
0.029740 0.240463 -0.046133
0.034479 0.251417 -0.026209
0.031475 0.237613 -0.054260
0.049474 0.294021 0.064903
0.052412 0.303424 0.088855
0.054212 0.302683 0.085454
-0.006114 0.336744 0.215911
0.004137 0.336695 0.215659
-0.033725 0.346301 0.235715
-0.035128 0.349327 0.243769
-0.001036 0.332577 0.203879
-0.042764 0.346312 0.234845
0.032214 0.345936 0.234465
0.034492 0.349300 0.242988
0.042314 0.346337 0.234153
0.014963 0.368009 0.290036
0.022127 0.364524 0.279651
-0.015034 0.368067 0.290279
-0.022043 0.364511 0.280119
0.022632 0.368864 0.289918
-0.022523 0.369071 0.290606
-0.004547 0.490455 0.294292
0.007097 0.490013 0.294101
-0.036695 0.470581 0.311446
-0.041384 0.463024 0.320064
0.001327 0.490976 0.279858
-0.045130 0.461538 0.305059
0.039374 0.468393 0.307926
0.043890 0.460415 0.315859
0.047273 0.458426 0.300748
0.027236 0.436568 0.374686
0.036998 0.439919 0.358776
-0.024824 0.436942 0.377115
-0.034570 0.441089 0.362405
0.036435 0.425943 0.361214
-0.034355 0.426330 0.364396
-0.004862 0.092387 -0.234527
0.004394 0.091776 -0.234793
-0.048263 0.089671 -0.243956
-0.048018 0.098079 -0.243118
-0.000142 0.110604 -0.217176
-0.029686 0.120290 -0.223772
0.049461 0.089273 -0.244588
0.049392 0.097916 -0.243704
0.031037 0.120781 -0.224493
0.010068 0.172410 -0.220208
0.015566 0.161717 -0.220171
-0.008661 0.172760 -0.221193
-0.014843 0.161939 -0.220715
0.012809 0.187062 -0.209091
-0.012717 0.188081 -0.208524
0.000385 0.445471 -0.027350
0.002145 0.445185 -0.026563
-0.007226 0.407111 -0.031877
-0.009993 0.392292 -0.042842
0.002064 0.464424 -0.029402
-0.011087 0.400651 -0.031601
0.008160 0.406422 -0.031634
0.010701 0.391862 -0.042476
0.011526 0.400358 -0.031223
0.008170 0.339363 -0.102513
0.011388 0.347188 -0.091610
-0.006619 0.340244 -0.102583
-0.009874 0.348296 -0.091719
0.012673 0.332160 -0.106786
-0.011050 0.333422 -0.107067
0.058062 0.349212 0.002222
0.055362 0.343080 -0.016240
0.066819 0.345131 0.059486
0.067719 0.339072 0.069103
0.054582 0.355602 -0.006428
0.068367 0.347939 0.079616
0.051455 0.269484 -0.045045
0.049797 0.263702 -0.064605
0.060321 0.305464 0.038120
0.062806 0.314606 0.055782
0.047485 0.255196 -0.067644
0.062126 0.311811 0.061481
0.047776 0.284367 -0.080578
0.048711 0.298766 -0.071781
0.044656 0.287291 -0.090508
0.072069 0.369535 0.229633
0.070939 0.372203 0.237586
0.080010 0.345485 0.205461
0.084670 0.337529 0.201394
0.067738 0.380164 0.236335
0.076824 0.344356 0.198349
0.119357 0.309719 0.218275
0.108219 0.319526 0.225962
0.130657 0.302918 0.193123
0.116952 0.311482 0.192903
0.111922 0.313585 0.221945
0.121348 0.305473 0.184830
0.077002 0.354565 0.247136
0.073284 0.362021 0.249626
0.068612 0.364198 0.255607
-0.057664 0.349458 0.001455
-0.054937 0.343494 -0.016991
-0.066664 0.345342 0.057742
-0.067618 0.339534 0.067180
-0.054090 0.355996 -0.006976
-0.068309 0.348055 0.077809
-0.051225 0.268622 -0.045969
-0.049576 0.262704 -0.065473
-0.060205 0.304618 0.036496
-0.062768 0.313788 0.054104
-0.047220 0.254420 -0.068064
-0.061877 0.310977 0.059575
-0.047561 0.284417 -0.082149
-0.048627 0.298697 -0.073379
-0.044511 0.287412 -0.091699
-0.071058 0.370661 0.231225
-0.069505 0.373250 0.239272
-0.079280 0.346031 0.205280
-0.083645 0.337918 0.200685
-0.066590 0.381242 0.238428
-0.075435 0.345390 0.197340
-0.117017 0.310677 0.217995
-0.105203 0.320751 0.226124
-0.137858 0.296349 0.189416
-0.119510 0.308679 0.190517
-0.108675 0.314822 0.222021
-0.126823 0.300293 0.181768
-0.075521 0.355740 0.248433
-0.071775 0.363335 0.251106
-0.067442 0.365508 0.257423
-0.002991 0.482377 0.197184
0.004379 0.482310 0.197333
0.000746 0.484960 0.214177
-0.000109 0.480664 0.034424
0.002062 0.480324 0.034646
0.001298 0.485311 0.017439
-0.060634 0.432262 0.243837
-0.059414 0.435042 0.258387
-0.061449 0.423320 0.249123
-0.030954 0.404437 0.010971
-0.027478 0.399751 -0.002980
-0.035069 0.392581 0.001717
-0.068345 0.375180 0.139001
-0.068508 0.366679 0.132446
-0.067977 0.366283 0.149537
0.060982 0.430210 0.241486
0.059965 0.432628 0.255352
0.061767 0.421143 0.246269
0.031275 0.404445 0.011838
0.027540 0.399951 -0.002484
0.035195 0.392737 0.002271
0.068141 0.374541 0.139625
0.068336 0.366293 0.133067
0.068222 0.365483 0.150698
-0.005399 0.302910 0.123971
0.003442 0.302876 0.124178
-0.001018 0.309956 0.143308
-0.001017 0.192552 -0.117990
0.001315 0.192545 -0.118006
0.000172 0.177258 -0.141127
-0.078063 0.326751 0.205472
-0.073859 0.331200 0.214611
-0.083810 0.324483 0.214081
-0.030515 0.208792 -0.117322
-0.027362 0.194950 -0.140197
-0.032271 0.211351 -0.118084
-0.070628 0.317359 0.121805
-0.070296 0.320718 0.120872
-0.079669 0.318775 0.143299
0.079154 0.326840 0.206491
0.074557 0.331297 0.215143
0.084173 0.324622 0.214293
0.030376 0.208541 -0.117571
0.027628 0.194773 -0.140848
0.032277 0.211060 -0.119169
0.071332 0.317888 0.124397
0.071599 0.319682 0.124770
0.080955 0.317398 0.146231
0.039336 0.381765 0.303390
0.041127 0.389019 0.312379
0.045601 0.383022 0.295649
-0.038544 0.382258 0.305432
-0.040206 0.389505 0.314733
-0.044856 0.383692 0.298063
0.022372 0.260923 -0.152654
0.023243 0.280853 -0.139372
0.027548 0.273237 -0.136651
-0.022014 0.261793 -0.153054
-0.022600 0.281751 -0.140004
-0.027053 0.273979 -0.137601
